智能淘词,诚**行,★七天无效退款保证★,1个月,2013-06-09 21:27:31
智能淘词,z**4,★七天无效退款保证★,1个月,2013-06-09 19:16:11
智能淘词,g**店,★七天无效退款保证★,1个月,2013-06-09 12:21:35
智能淘词,c**8,★七天无效退款保证★,1个月,2013-06-09 10:19:14
智能淘词,淘**r,★七天无效退款保证★,3个月,2013-06-09 11:45:27
智能淘词,炼**石,★七天无效退款保证★,1个月,2013-06-09 21:34:18
智能淘词,蒂**柜,★七天无效退款保证★,1个月,2013-06-09 23:24:04
智能淘词,新**5,★半年付打5折版★,1个月,2013-06-09 22:10:27
智能淘词,钟**春,★半年付打5折版★,3个月,2013-06-09 13:29:42
智能淘词,天**坊,★七天无效退款保证★,1个月,2013-06-09 13:58:59
智能淘词,l**f,★七天无效退款保证★,1个月,2013-06-09 09:14:39
聚灵神,诗**店,行业自定义(全功能版),1个月,2013-06-09 09:37:27
聚灵神,忆豪简约照明,行业自定义(全功能版),3个月,2013-06-09 21:40:14
聚灵神,过**风,行业自定义(全功能版),3个月,2013-06-09 18:02:25
聚灵神,小**8,行业自定义(全功能版),3个月,2013-06-09 11:20:23
聚灵神,f**3,手动加自动版,1个月,2013-06-09 22:37:46
聚灵神,艺**2,手动加自动版,1个月,2013-06-09 14:53:54
聚灵神,招**门,行业自定义(全功能版),3个月,2013-06-09 14:02:44
聚灵神,l**g,长尾自动优化版,1年,2013-06-09 12:00:18
聚灵神,鑫**8,长尾加重点优化版,3个月,2013-06-09 01:17:05
聚灵神,臻**店,行业自定义(全功能版),1个月,2013-06-09 13:23:55
聚灵神,l**y,行业自定义(全功能版),1个月,2013-06-09 16:48:17
聚灵神,x**0,行业自定义(全功能版),1个月,2013-06-09 20:12:39
聚灵神,漂**人,行业自定义(全功能版),3个月,2013-06-09 14:25:58
聚灵神,h**8,长尾自动优化版,3个月,2013-06-09 16:15:01
聚灵神,鑫**8,长尾加重点优化版,1个月,2013-06-09 15:47:58
聚灵神,爱**店,行业自定义(全功能版),3个月,2013-06-09 10:20:31
聚灵神,汪**让,行业自定义(全功能版),1个月,2013-06-09 21:40:59
聚灵神,z**5,长尾加重点优化版,1个月,2013-06-09 04:29:04
聚灵神,h**8,长尾自动优化版,1个月,2013-06-09 17:17:36
淘快车,商**装,极速版_单账户,1个月,2013-06-09 20:13:32
淘快车,b**8,极速版_单账户,1个月,2013-06-09 09:54:06
淘快车,靓**柜,极速版_单账户,1个月,2013-06-09 07:30:20
淘快车,c**g,极速版_单账户,1个月,2013-06-09 14:35:41
淘快车,蓝**店,极速版_单账户,1年,2013-06-09 23:29:51
淘快车,厨**服,极速版_单账户,1个月,2013-06-09 09:55:21
淘快车,优**鞋,极速版_单账户,1个月,2013-06-09 11:15:35
淘快车,真**光,极速版_单账户,1个月,2013-06-09 10:42:16
淘快车,第**洲,极速版_单账户,1个月,2013-06-09 20:36:09
淘快车,summerlei_2000,极速版_单账户,1个月,2013-06-09 10:53:17
淘快车,j**5,极速版_单账户,1个月,2013-06-09 22:49:31
淘快车,l**2,极速版_单账户,1个月,2013-06-09 11:05:37
淘快车,v**i,极速版_单账户,1个月,2013-06-09 21:19:43
淘快车,香**卖,极速版_单账户,1个月,2013-06-09 10:02:23
淘快车,z**c,极速版_5账户,1个月,2013-06-09 12:26:22
淘快车,s**店,极速版_单账户,1个月,2013-06-09 16:04:18
淘快车,蓝**部,极速版_单账户,1年,2013-06-09 23:24:38
淘快车,camaro2010纪念版,极速版_单账户,1个月,2013-06-09 18:38:12
淘快车,姿**司,极速版_单账户,1个月,2013-06-09 21:31:39
淘快车,德**旺,极速版_单账户,6个月,2013-06-09 10:43:03
淘快车,c**店,极速版_单账户,1个月,2013-06-09 09:58:33
淘快车,w**k,极速版_单账户,1个月,2013-06-09 19:32:25
淘快车,不**了,极速版_单账户,1个月,2013-06-09 11:13:39
淘快车,沃**店,极速版_单账户,1个月,2013-06-09 08:46:46
淘快车,王**6,极速版_单账户,1个月,2013-06-09 15:22:59
淘快车,手**0,极速版_单账户,1个月,2013-06-09 15:54:45
淘快车,淘**8,极速版_单账户,1个月,2013-06-09 13:07:20
淘快车,我**角,极速版_单账户,1个月,2013-06-09 21:31:41
淘快车,j**0,极速版_单账户,1个月,2013-06-09 17:33:01
淘快车,t**8,极速版_单账户,1个月,2013-06-09 15:26:58
淘快车,羚**队,极速版_单账户,1个月,2013-06-09 10:58:47
淘快车,3**车,极速版_单账户,1个月,2013-06-09 11:15:41
淘快车,l**h,极速版_单账户,1个月,2013-06-09 23:15:52
淘快车,王**骆,极速版_单账户,1个月,2013-06-09 10:45:19
淘快车,尼**畔,极速版_单账户,1个月,2013-06-09 18:52:34
淘快车,l**1,极速版_单账户,1个月,2013-06-09 11:52:26
淘快车,k**l,极速版_单账户,6个月,2013-06-09 15:17:26
淘快车,y**4,极速版_单账户,1个月,2013-06-09 14:12:14
淘快车,n**g,极速版_单账户,1个月,2013-06-09 14:41:06
淘快车,豪**品,极速版_单账户,1年,2013-06-09 23:23:21
淘快车,l**1,极速版_单账户,3个月,2013-06-09 23:10:02
淘快车,易**莲,极速版_单账户,1年,2013-06-09 23:27:06
淘快车,c**8,极速版_单账户,1个月,2013-06-09 09:00:15
淘快车,f**0,极速版_单账户,1个月,2013-06-09 14:44:46
淘快车,子**店,极速版_单账户,1个月,2013-06-09 10:05:38
淘快车,b**1,极速版_单账户,1个月,2013-06-09 09:43:53
麦苗淘词,她**2,免费版,1年,2013-06-09 18:27:21
麦苗淘词,江**9,免费版,1个月,2013-06-09 23:02:44
麦苗淘词,熊**东,免费版,1个月,2013-06-09 19:32:29
麦苗淘词,林**影,免费版,1年,2013-06-09 11:41:16
麦苗淘词,心**a,免费版,1年,2013-06-09 17:10:35
麦苗淘词,曹**恩,免费版,1年,2013-06-09 08:02:15
麦苗淘词,晃**屋,免费版,1年,2013-06-09 17:07:19
麦苗淘词,xueli3111987,免费版,3个月,2013-06-09 14:56:03
麦苗淘词,y**树,专业版,1个月,2013-06-09 23:17:45
麦苗淘词,一**窑,免费版,1个月,2013-06-09 23:54:51
麦苗淘词,开**8,免费版,1个月,2013-06-09 23:29:02
麦苗淘词,7**u,免费版,1个月,2013-06-09 15:44:44
麦苗淘词,雨**6,免费版,6个月,2013-06-09 04:03:58
麦苗淘词,语**6,免费版,1年,2013-06-09 18:08:05
麦苗淘词,嫒**妞,免费版,1年,2013-06-09 09:57:48
麦苗淘词,t**3,免费版,1年,2013-06-09 11:27:18
麦苗淘词,l**0,免费版,1年,2013-06-09 15:59:32
麦苗淘词,m**8,免费版,1年,2013-06-09 21:30:00
麦苗淘词,h**4,免费版,1年,2013-06-09 03:23:18
麦苗淘词,好**地,免费版,1年,2013-06-09 12:56:13
麦苗淘词,美**具,免费版,1年,2013-06-09 14:11:09
麦苗淘词,洛伽尼斯,免费版,1年,2013-06-09 11:18:00
麦苗淘词,昆**备,免费版,1个月,2013-06-09 16:38:16
麦苗淘词,h**7,免费版,3个月,2013-06-09 10:43:20
麦苗淘词,w**3,免费版,1年,2013-06-09 11:29:26
麦苗淘词,g**3,免费版,1个月,2013-06-09 22:48:38
麦苗淘词,七**6,免费版,1年,2013-06-09 15:37:01
麦苗淘词,c**0,免费版,1年,2013-06-09 10:40:02
麦苗淘词,z**9,免费版,1年,2013-06-09 12:30:25
麦苗淘词,大**0,免费版,1年,2013-06-09 07:27:01
麦苗淘词,m**米,免费版,1年,2013-06-09 14:02:35
麦苗淘词,潮**念,免费版,1个月,2013-06-09 11:01:26
麦苗淘词,吖**吧,免费版,1年,2013-06-09 08:33:56
麦苗淘词,东**菜,免费版,1年,2013-06-09 22:54:59
麦苗淘词,一**人,专业版,1个月,2013-06-09 00:09:24
麦苗淘词,简**游,免费版,1年,2013-06-09 23:23:18
麦苗淘词,小时代玩具批发,免费版,1个月,2013-06-09 22:15:42
麦苗淘词,l**6,专业版,1个月,2013-06-09 16:33:17
麦苗淘词,严**富,免费版,1个月,2013-06-09 10:39:48
麦苗淘词,j**6,免费版,1个月,2013-06-09 09:54:09
麦苗淘词,t**1,免费版,1年,2013-06-09 15:19:42
麦苗淘词,小**6,免费版,1年,2013-06-09 12:41:30
麦苗淘词,好**在,免费版,1年,2013-06-09 22:01:38
麦苗淘词,初**品,免费版,1个月,2013-06-09 19:20:05
麦苗淘词,畅**店,免费版,1个月,2013-06-09 15:09:23
麦苗淘词,p**2,免费版,1年,2013-06-09 22:29:05
麦苗淘词,汤**店,免费版,1个月,2013-06-09 21:41:17
麦苗淘词,宝**8,免费版,1年,2013-06-09 17:30:02
麦苗淘词,仁**店,免费版,1个月,2013-06-09 10:47:02
麦苗淘词,l**7,免费版,1个月,2013-06-09 19:16:13
麦苗淘词,于**0,免费版,1个月,2013-06-09 21:36:14
麦苗淘词,与**8,免费版,1年,2013-06-09 19:35:05
麦苗淘词,红**8,免费版,1年,2013-06-09 08:06:35
麦苗淘词,绿**茶,免费版,1年,2013-06-09 10:05:19
麦苗淘词,诺**店,专业版,1个月,2013-06-09 15:23:53
麦苗淘词,刀**发,免费版,1个月,2013-06-09 09:30:18
麦苗淘词,t**s,免费版,1年,2013-06-09 09:38:16
麦苗淘词,于**橙,免费版,1年,2013-06-09 11:10:43
麦苗淘词,d**2,免费版,1年,2013-06-09 23:05:04
麦苗淘词,l**6,免费版,1个月,2013-06-09 16:37:19
麦苗淘词,t**5,免费版,1个月,2013-06-09 22:51:55
麦苗淘词,初**品,专业版,1个月,2013-06-09 19:23:39
麦苗淘词,b**0,免费版,1年,2013-06-09 04:59:28
麦苗淘词,6**8,免费版,1年,2013-06-09 14:44:11
麦苗淘词,a**9,专业版,1个月,2013-06-09 13:02:59
麦苗淘词,德**器,免费版,1年,2013-06-09 15:28:19
麦苗淘词,奕**店,免费版,1年,2013-06-09 14:11:58
麦苗淘词,可可熊熊0,免费版,1年,2013-06-09 10:30:30
麦苗淘词,h**n,免费版,1年,2013-06-09 10:37:34
麦苗淘词,韩**社,专业版,1个月,2013-06-09 14:36:36
麦苗淘词,李**a,免费版,1个月,2013-06-09 00:41:23
麦苗淘词,芭**声,专业版,1个月,2013-06-09 11:57:03
麦苗淘词,x**6,免费版,1个月,2013-06-09 11:03:11
麦苗淘词,a**8,免费版,1个月,2013-06-09 11:24:46
麦苗淘词,富**子,免费版,1个月,2013-06-09 08:10:42
麦苗淘词,轩**伯,免费版,6个月,2013-06-09 22:51:06
麦苗淘词,唯**1,免费版,1个月,2013-06-09 15:28:09
麦苗淘词,l**8,免费版,1个月,2013-06-09 23:54:32
麦苗淘词,t**1,免费版,3个月,2013-06-09 11:32:18
麦苗淘词,酷**店,免费版,1个月,2013-06-09 08:44:07
麦苗淘词,zhongyinghe,免费版,1年,2013-06-09 02:13:46
麦苗淘词,诚**牛,免费版,1年,2013-06-09 07:44:52
麦苗淘词,星**饰,免费版,1年,2013-06-09 17:01:37
麦苗淘词,a**8,免费版,3个月,2013-06-09 00:21:42
麦苗淘词,s**0,免费版,1年,2013-06-09 20:41:37
麦苗淘词,l**1,免费版,3个月,2013-06-09 12:43:01
麦苗淘词,我**1,免费版,3个月,2013-06-09 11:59:45
麦苗淘词,网**店,专业版,3个月,2013-06-09 13:41:53
麦苗淘词,玺**囡,免费版,1年,2013-06-09 17:19:17
麦苗淘词,李**2,免费版,1个月,2013-06-09 13:45:52
麦苗淘词,z**9,免费版,1个月,2013-06-09 09:16:14
麦苗淘词,s**1,免费版,6个月,2013-06-09 08:41:09
麦苗淘词,阿**2,免费版,1年,2013-06-09 17:22:21
麦苗淘词,叮**店,免费版,1年,2013-06-09 20:57:06
麦苗淘词,卓**宁,免费版,1年,2013-06-09 10:51:37
麦苗淘词,离**k,免费版,1个月,2013-06-09 10:56:24
麦苗淘词,a**8,免费版,1年,2013-06-09 13:49:16
麦苗淘词,c**2,免费版,1年,2013-06-09 22:29:08
麦苗淘词,衣**1,免费版,1个月,2013-06-09 23:51:27
麦苗淘词,君**店,免费版,1个月,2013-06-09 20:51:46
麦苗淘词,相**街,免费版,1个月,2013-06-09 00:26:56
麦苗淘词,真**8,免费版,1个月,2013-06-09 22:46:44
麦苗淘词,芈**o,免费版,6个月,2013-06-09 16:45:47
麦苗淘词,开**狗,免费版,1年,2013-06-09 12:17:11
麦苗淘词,郑**城,免费版,1年,2013-06-09 19:20:44
麦苗淘词,孽**心,免费版,1年,2013-06-09 14:51:29
麦苗淘词,j**1,免费版,1年,2013-06-09 00:50:33
麦苗淘词,巴**9,免费版,1个月,2013-06-09 15:54:15
麦苗淘词,心**4,免费版,1年,2013-06-09 16:56:38
麦苗淘词,鼠**乖,免费版,1个月,2013-06-09 10:04:29
麦苗淘词,y**控,专业版,1个月,2013-06-09 01:23:45
麦苗淘词,t**3,免费版,1年,2013-06-09 10:28:54
麦苗淘词,e**9,免费版,1年,2013-06-09 12:37:09
麦苗淘词,x**7,免费版,1个月,2013-06-09 12:30:55
麦苗淘词,l**6,免费版,3个月,2013-06-09 11:59:46
麦苗淘词,c**5,免费版,1个月,2013-06-09 22:09:35
麦苗淘词,l**1,免费版,1年,2013-06-09 13:58:05
麦苗淘词,l**8,免费版,1年,2013-06-09 08:29:56
麦苗淘词,浅**裳,免费版,1年,2013-06-09 15:14:11
麦苗淘词,y**0,免费版,1个月,2013-06-09 14:21:01
麦苗淘词,桐**棉,免费版,1年,2013-06-09 21:24:45
麦苗淘词,小**婷,免费版,1年,2013-06-09 13:06:15
麦苗淘词,悦**1,免费版,6个月,2013-06-09 23:33:16
麦苗淘词,叮**店,免费版,1个月,2013-06-09 20:56:47
麦苗淘词,起重五金商行,免费版,1个月,2013-06-09 09:52:23
麦苗淘词,臻**泵,免费版,1年,2013-06-09 14:21:35
麦苗淘词,宝**卫,免费版,1年,2013-06-09 00:50:00
麦苗淘词,徐**6,免费版,1年,2013-06-09 13:01:06
麦苗淘词,闻**6,免费版,1年,2013-06-09 14:46:43
麦苗淘词,w**6,免费版,1年,2013-06-09 21:55:46
麦苗淘词,h**4,专业版,1个月,2013-06-09 22:59:33
麦苗淘词,多**9,免费版,1年,2013-06-09 10:09:10
麦苗淘词,9**凌,免费版,3个月,2013-06-09 16:40:36
麦苗淘词,棉**人,免费版,1年,2013-06-09 16:30:06
麦苗淘词,实**店,免费版,3个月,2013-06-09 10:51:42
麦苗淘词,q**0,专业版,1个月,2013-06-09 10:47:23
麦苗淘词,杭**行,免费版,1年,2013-06-09 19:08:00
麦苗淘词,吉**店,免费版,1个月,2013-06-09 01:56:05
麦苗淘词,一**子,免费版,1个月,2013-06-09 10:21:00
麦苗淘词,米**店,免费版,1个月,2013-06-09 10:22:19
麦苗淘词,m**店,免费版,1年,2013-06-09 10:52:45
麦苗淘词,极**端,免费版,1年,2013-06-09 10:50:33
麦苗淘词,玺**囡,免费版,6个月,2013-06-09 17:19:28
麦苗淘词,c**0,免费版,1年,2013-06-09 03:54:09
麦苗淘词,佰**店,免费版,1年,2013-06-09 13:29:55
麦苗淘词,家**3,免费版,1个月,2013-06-09 12:03:36
麦苗淘词,熊**8,免费版,1年,2013-06-09 22:39:46
麦苗淘词,董**9,免费版,1年,2013-06-09 16:02:58
麦苗淘词,哥**7,免费版,1个月,2013-06-09 17:23:16
麦苗淘词,牛**屋,免费版,1年,2013-06-09 13:00:32
麦苗淘词,绿**点,免费版,1个月,2013-06-09 16:02:23
麦苗淘词,a**4,免费版,1年,2013-06-09 01:48:14
麦苗淘词,精**题,免费版,1个月,2013-06-09 20:54:06
麦苗淘词,半**铺,免费版,1年,2013-06-09 13:47:03
麦苗淘词,x**i,免费版,1个月,2013-06-09 18:45:10
麦苗淘词,追**息,免费版,1年,2013-06-09 20:21:02
麦苗淘词,懒**0,免费版,1年,2013-06-09 21:15:59
麦苗淘词,苑**店,免费版,1个月,2013-06-09 16:10:51
麦苗淘词,s**m,免费版,1年,2013-06-09 20:57:36
麦苗淘词,美**0,免费版,1年,2013-06-09 00:14:53
麦苗淘词,5**术,免费版,1年,2013-06-09 15:36:49
麦苗淘词,罗**纺,免费版,1年,2013-06-09 11:53:24
麦苗淘词,huab1号店,免费版,1年,2013-06-09 15:23:18
麦苗淘词,k**z,免费版,1个月,2013-06-09 22:54:39
麦苗淘词,盛**店,免费版,1年,2013-06-09 11:26:27
麦苗淘词,商**装,免费版,1个月,2013-06-09 20:03:33
麦苗淘词,名**淘,免费版,1年,2013-06-09 20:25:56
麦苗淘词,z**7,免费版,1年,2013-06-09 22:59:07
麦苗淘词,爱**柜,免费版,1个月,2013-06-09 10:50:46
麦苗淘词,芙**8,免费版,1个月,2013-06-09 15:19:37
麦苗淘词,不**0,免费版,3个月,2013-06-09 19:33:07
麦苗淘词,j**1,专业版,1个月,2013-06-09 01:01:08
麦苗淘词,万**店,免费版,1年,2013-06-09 22:05:06
麦苗淘词,牛**8,免费版,1年,2013-06-09 00:29:52
麦苗淘词,科**店,免费版,1年,2013-06-09 11:59:45
麦苗淘词,胡**灵,免费版,1年,2013-06-09 13:07:23
车神,暮**2,手动自动全功能完整版,1个月,2013-06-09 15:57:20
车神,l**0,手动自动全功能完整版,1个月,2013-06-09 21:22:13
车神,车**品,手动自动全功能完整版,1个月,2013-06-09 10:14:14
车神,s**n,手动自动全功能完整版,3个月,2013-06-09 10:46:27
车神,夜爱丽丝,手动自动全功能完整版,1个月,2013-06-09 13:47:32
车神,y**1,手动自动全功能完整版,1个月,2013-06-09 15:47:48
车神,尚**舍,手动自动全功能完整版,1个月,2013-06-09 00:46:06
车神,财**店,手动自动全功能完整版,1个月,2013-06-09 21:57:40
车神,a**2,手动自动全功能完整版,1个月,2013-06-09 21:22:43
车神,车**品,手动自动全功能完整版,1个月,2013-06-09 10:22:02
车神,爱**k,手动自动全功能完整版,1个月,2013-06-09 15:40:10
车神,y**1,手动自动全功能完整版,1个月,2013-06-09 15:49:12
车神,a**2,手动自动全功能完整版,1个月,2013-06-09 21:20:51
车神,l**n,手动自动全功能完整版,1个月,2013-06-09 08:57:48
车神,p**g,手动自动全功能完整版,1个月,2013-06-09 12:12:42
车神,衣**里,手动自动全功能完整版,1年,2013-06-09 16:27:48
车神,邱**哥,手动自动全功能完整版,1个月,2013-06-09 21:27:35
车神,s**7,手动自动全功能完整版,1个月,2013-06-09 11:50:04
车神,l**3,手动自动全功能完整版,1个月,2013-06-09 02:32:48
车神,s**n,手动自动全功能完整版,1个月,2013-06-09 02:56:44
车神,l**3,手动自动全功能完整版,1个月,2013-06-09 01:48:15
车神,j**8,手动自动全功能完整版,1个月,2013-06-09 13:46:05
车神,陌**女,手动自动全功能完整版,1个月,2013-06-09 14:50:12
车神,罗**饰,手动自动全功能完整版,1个月,2013-06-09 17:06:38
车神,袅**店,手动自动全功能完整版,3个月,2013-06-09 15:19:56
车神,m**店,手动自动全功能完整版,1个月,2013-06-09 14:51:17
车神,超**宝,手动自动全功能完整版,1个月,2013-06-09 21:55:02
车神,小**师,手动自动全功能完整版,1个月,2013-06-09 23:53:15
车神,碧**卖,手动自动全功能完整版,1个月,2013-06-09 10:43:05
车神,暮**2,手动自动全功能完整版,3个月,2013-06-09 15:56:41
车神,老**1,手动自动全功能完整版,1个月,2013-06-09 15:36:19
车神,感觉1314520,手动自动全功能完整版,1个月,2013-06-09 20:31:52
车神,t**3,手动自动全功能完整版,1个月,2013-06-09 01:19:24
车神,爱**k,手动自动全功能完整版,1个月,2013-06-09 15:30:50
车神,z**6,手动自动全功能完整版,1个月,2013-06-09 15:28:06
车神,罗**饰,手动自动全功能完整版,1个月,2013-06-09 17:08:31
车神,晨**易,手动自动全功能完整版,1个月,2013-06-09 23:12:33
车神,l**n,手动自动全功能完整版,1个月,2013-06-09 08:59:03
车神,s**店,手动自动全功能完整版,3个月,2013-06-09 10:41:40
车神,范**芹,手动自动全功能完整版,3个月,2013-06-09 20:10:03
车神,x**c,手动自动全功能完整版,1个月,2013-06-09 08:42:18
车神,超**宝,手动自动全功能完整版,1个月,2013-06-09 21:57:28
车神,r**1,手动自动全功能完整版,1个月,2013-06-09 15:19:54
车神,w**e,手动自动全功能完整版,1个月,2013-06-09 19:49:24
车神,老**1,手动自动全功能完整版,1个月,2013-06-09 15:38:05
车神,衣**里,手动自动全功能完整版,1个月,2013-06-09 16:30:21
车神,仙**店,手动自动全功能完整版,1个月,2013-06-09 00:40:16
车神,d**9,手动自动全功能完整版,1个月,2013-06-09 03:57:13
车神,m**店,手动自动全功能完整版,1个月,2013-06-09 14:46:47
车神,伍**欢,手动自动全功能完整版,1个月,2013-06-09 00:57:22
车神,z**6,手动自动全功能完整版,1个月,2013-06-09 15:32:51
车神,很**屁,手动自动全功能完整版,1个月,2013-06-09 03:54:20
车神,d**9,手动自动全功能完整版,1个月,2013-06-09 10:54:06
车神,l**0,手动自动全功能完整版,1个月,2013-06-09 21:28:36
车神,笑**厂,手动自动全功能完整版,1个月,2013-06-09 11:17:22
车神,r**1,手动自动全功能完整版,1个月,2013-06-09 15:17:52
车神,感**0,手动自动全功能完整版,1个月,2013-06-09 20:32:57
车神,财**店,手动自动全功能完整版,1个月,2013-06-09 21:59:52
车神,z**y,手动自动全功能完整版,3个月,2013-06-09 11:12:44
车神,z**i,手动自动全功能完整版,1个月,2013-06-09 02:51:13
车神,尚**舍,手动自动全功能完整版,1个月,2013-06-09 00:43:57
车神,b**0,手动自动全功能完整版,1个月,2013-06-09 09:58:10
车神,t**3,手动自动全功能完整版,1个月,2013-06-09 01:47:32
车神,p**g,手动自动全功能完整版,1个月,2013-06-09 12:08:15
车神,shihaocen,手动自动全功能完整版,1个月,2013-06-09 10:50:31
车神,l**0,手动自动全功能完整版,1个月,2013-06-09 12:06:07
魔镜看看,爱**久,默认项目,1个月,2013-06-09 14:48:15
魔镜看看,豪**店,默认项目,1个月,2013-06-09 18:33:25
魔镜看看,苍**瞳,默认项目,1个月,2013-06-09 08:09:05
魔镜看看,w**w,默认项目,1个月,2013-06-09 12:21:21
魔镜看看,漫**8,默认项目,1个月,2013-06-09 09:47:33
魔镜看看,海**店,默认项目,1个月,2013-06-09 09:17:21
魔镜看看,春**猪,默认项目,3个月,2013-06-09 08:47:12
魔镜看看,y**店,默认项目,1年,2013-06-09 11:22:30
魔镜看看,豆**5,默认项目,1个月,2013-06-09 14:42:02
魔镜看看,小**菜,默认项目,1个月,2013-06-09 12:19:04
魔镜看看,k**9,默认项目,1个月,2013-06-09 16:36:18
懒人开车,凤**1,7天无理由退款承诺,3个月,2013-06-09 00:25:33
懒人开车,c**8,7天无理由退款承诺,3个月,2013-06-09 15:40:54
懒人开车,彭铿良食,7天无理由退款承诺,3个月,2013-06-09 10:02:35
懒人开车,忧**9,7天无理由退款承诺,3个月,2013-06-09 20:33:48
懒人开车,爱**8,7天无理由退款承诺,1个月,2013-06-09 22:48:33
懒人开车,铭**纺,7天无理由退款承诺,3个月,2013-06-09 13:08:23
懒人开车,i**0,7天无理由退款承诺,3个月,2013-06-09 23:31:30
懒人开车,j**4,7天无理由退款承诺,3个月,2013-06-09 10:22:54
懒人开车,司**霜,7天无理由退款承诺,1个月,2013-06-09 16:02:24
懒人开车,龙**8,7天无理由退款承诺,1个月,2013-06-09 19:20:16
懒人开车,淘**桃,7天无理由退款承诺,3个月,2013-06-09 09:21:10
懒人开车,韩**客,7天无理由退款承诺,1个月,2013-06-09 22:56:20
懒人开车,华**力,7天无理由退款承诺,1个月,2013-06-09 16:41:05
懒人开车,7**园,7天无理由退款承诺,3个月,2013-06-09 15:59:05
懒人开车,t**0,7天无理由退款承诺,3个月,2013-06-09 14:17:47
懒人开车,紫**界,7天无理由退款承诺,1个月,2013-06-09 12:35:10
懒人开车,京**店,7天无理由退款承诺,1个月,2013-06-09 17:15:20
懒人开车,郑**龙,7天无理由退款承诺,3个月,2013-06-09 22:04:28
省油宝,美**饰,双引擎版,3个月,2013-06-09 12:54:17
省油宝,贪**你,双引擎嘉年华季度优惠,3个月,2013-06-09 12:49:09
省油宝,c**9,双引擎嘉年华季度优惠,3个月,2013-06-09 17:49:56
省油宝,听**馆,双引擎嘉年华季度优惠,3个月,2013-06-09 19:27:41
省油宝,丝**家,双引擎嘉年华季度优惠,3个月,2013-06-09 14:14:04
省油宝,雅**维,双引擎嘉年华季度优惠,3个月,2013-06-09 11:12:56
省油宝,缘**谧,长尾版,3个月,2013-06-09 12:22:32
省油宝,w**g,长尾版,3个月,2013-06-09 14:04:09
省油宝,s**8,长尾版,3个月,2013-06-09 22:40:49
省油宝,拓**阁,长尾版,3个月,2013-06-09 23:07:24
省油宝,东**场,双引擎版,3个月,2013-06-09 21:50:05
省油宝,白**跑,双引擎版,3个月,2013-06-09 22:56:47
省油宝,浙**下,双引擎嘉年华季度优惠,3个月,2013-06-09 09:08:55
省油宝,韩**界,长尾版,3个月,2013-06-09 23:49:31
省油宝,一**空,双引擎版,3个月,2013-06-09 10:53:57
省油宝,陶**司,双引擎嘉年华季度优惠,3个月,2013-06-09 01:56:48
省油宝,如**8,双引擎嘉年华季度优惠,3个月,2013-06-09 13:50:17
省油宝,花**坊,长尾版,1个月,2013-06-09 09:11:40
省油宝,时尚纹身贴,双引擎版,3个月,2013-06-09 00:26:06
省油宝,阿**7,双引擎嘉年华季度优惠,3个月,2013-06-09 15:52:09
省油宝,a**2,双引擎版,3个月,2013-06-09 09:32:43
省油宝,i**店,双引擎版,3个月,2013-06-09 10:01:08
省油宝,豆**吗,长尾版,1个月,2013-06-09 21:26:06
省油宝,水**水,双引擎嘉年华季度优惠,3个月,2013-06-09 16:30:39
省油宝,枝**8,双引擎嘉年华季度优惠,6个月,2013-06-09 12:25:25
省油宝,朱**民,长尾版,1个月,2013-06-09 15:11:41
省油宝,a**海,双引擎嘉年华季度优惠,3个月,2013-06-09 00:53:22
省油宝,a**3,长尾版,3个月,2013-06-09 09:37:37
省油宝,龙**轩,长尾版,3个月,2013-06-09 21:47:11
省油宝,i**店,双引擎嘉年华季度优惠,3个月,2013-06-09 12:26:58
省油宝,g**9,长尾版,3个月,2013-06-09 07:08:01
省油宝,良**装,双引擎嘉年华季度优惠,3个月,2013-06-09 23:35:00
省油宝,m**v,长尾版,3个月,2013-06-09 21:18:27
省油宝,玩**界,双引擎版,3个月,2013-06-09 10:11:00
省油宝,拈**4,长尾版,1个月,2013-06-09 09:57:58
省油宝,魅**人,长尾版,1个月,2013-06-09 14:56:56
省油宝,蒲**0,双引擎版,1个月,2013-06-09 11:38:29
省油宝,徐**鸿,双引擎版,3个月,2013-06-09 17:30:29
省油宝,a**n,双引擎嘉年华季度优惠,3个月,2013-06-09 23:04:35
省油宝,a**a,长尾版,1个月,2013-06-09 21:46:30
省油宝,有**贝,双引擎嘉年华季度优惠,3个月,2013-06-09 23:07:23
省油宝,l**6,双引擎嘉年华季度优惠,3个月,2013-06-09 15:55:15
省油宝,成**络,长尾版,3个月,2013-06-09 20:40:29
省油宝,品**店,长尾版,1个月,2013-06-09 20:24:05
省油宝,远**店,长尾版,3个月,2013-06-09 22:24:50
省油宝,w**x,双引擎嘉年华季度优惠,3个月,2013-06-09 07:18:57
省油宝,鹏**店,双引擎嘉年华季度优惠,3个月,2013-06-09 23:50:14
省油宝,d**8,双引擎版,1个月,2013-06-09 00:28:37
省油宝,张**8,长尾版,3个月,2013-06-09 11:21:04
省油宝,优**店,双引擎嘉年华季度优惠,3个月,2013-06-09 08:41:59
省油宝,d**4,长尾版,1个月,2013-06-09 17:52:13
省油宝,优**品,双引擎版,3个月,2013-06-09 13:25:19
省油宝,y**8,长尾版,1个月,2013-06-09 20:35:28
省油宝,杰**店,双引擎版,3个月,2013-06-09 11:21:45
省油宝,h**0,双引擎嘉年华季度优惠,3个月,2013-06-09 10:58:42
省油宝,n**1,双引擎嘉年华季度优惠,3个月,2013-06-09 10:31:42
省油宝,魅**店,双引擎嘉年华季度优惠,3个月,2013-06-09 09:50:05
省油宝,丁**线,双引擎嘉年华季度优惠,3个月,2013-06-09 15:15:58
省油宝,王**0,长尾版,3个月,2013-06-09 21:44:00
省油宝,爱**6,长尾版,1个月,2013-06-09 10:26:54
省油宝,a**7,长尾版,1个月,2013-06-09 04:13:46
省油宝,w**9,双引擎嘉年华季度优惠,3个月,2013-06-09 20:25:47
省油宝,艾**妃,双引擎嘉年华季度优惠,3个月,2013-06-09 10:09:15
省油宝,l**7,双引擎版,3个月,2013-06-09 10:56:16
省油宝,邦**店,双引擎嘉年华季度优惠,3个月,2013-06-09 17:16:28
省油宝,雪**4,双引擎嘉年华季度优惠,3个月,2013-06-09 23:50:53
省油宝,i**l,长尾版,3个月,2013-06-09 23:14:32
省油宝,李**3,长尾版,1个月,2013-06-09 23:07:40
省油宝,c**0,双引擎嘉年华季度优惠,6个月,2013-06-09 14:41:24
省油宝,h**u,双引擎嘉年华季度优惠,3个月,2013-06-09 12:52:41
省油宝,l**g,双引擎版,1个月,2013-06-09 18:01:02
省油宝,y**1,双引擎嘉年华季度优惠,3个月,2013-06-09 21:13:48
省油宝,y**e,双引擎嘉年华季度优惠,3个月,2013-06-09 12:50:19
省油宝,乐**店,双引擎版,3个月,2013-06-09 18:22:39
省油宝,森**营,双引擎版,1个月,2013-06-09 20:11:19
省油宝,义乌1号商城,双引擎版,1个月,2013-06-09 15:50:24
省油宝,魅**装,双引擎嘉年华季度优惠,3个月,2013-06-09 22:46:59
省油宝,彭**钗,双引擎版,3个月,2013-06-09 14:31:12
省油宝,精**店,双引擎嘉年华季度优惠,3个月,2013-06-09 10:12:06
省油宝,r**1,双引擎嘉年华季度优惠,3个月,2013-06-09 21:41:40
省油宝,风**0,双引擎嘉年华季度优惠,3个月,2013-06-09 01:02:16
省油宝,衣**地,双引擎版,1个月,2013-06-09 02:26:30
省油宝,l**2,双引擎嘉年华季度优惠,3个月,2013-06-09 10:33:06
省油宝,q**8,双引擎版,3个月,2013-06-09 10:30:00
省油宝,h**8,长尾版,3个月,2013-06-09 20:10:19
省油宝,森**营,双引擎版,3个月,2013-06-09 20:19:04
省油宝,草**结,长尾版,3个月,2013-06-09 13:20:48
省油宝,轩**城,长尾版,3个月,2013-06-09 19:28:30
省油宝,s**店,双引擎嘉年华季度优惠,3个月,2013-06-09 16:27:24
省油宝,型**码,双引擎版,3个月,2013-06-09 18:35:58
省油宝,兴**0,双引擎版,1个月,2013-06-09 10:40:39
省油宝,心**1,双引擎嘉年华季度优惠,3个月,2013-06-09 12:00:35
省油宝,b**4,双引擎版,1个月,2013-06-09 11:11:27
省油宝,t**6,双引擎版,3个月,2013-06-09 13:17:11
省油宝,m**7,双引擎嘉年华季度优惠,3个月,2013-06-09 12:13:16
省油宝,我**己,双引擎版,3个月,2013-06-09 19:29:07
省油宝,惠**店,双引擎版,3个月,2013-06-09 21:52:16
省油宝,x**l,双引擎版,3个月,2013-06-09 08:56:04
省油宝,花**佳,长尾版,3个月,2013-06-09 11:42:20
省油宝,心**4,双引擎嘉年华季度优惠,3个月,2013-06-09 16:24:09
省油宝,阿**居,双引擎版,3个月,2013-06-09 09:45:54
省油宝,g**1,双引擎版,3个月,2013-06-09 13:14:14
省油宝,f**o,长尾版,3个月,2013-06-09 18:51:49
省油宝,香**城,双引擎嘉年华季度优惠,3个月,2013-06-09 11:16:54
省油宝,格**o,双引擎版,3个月,2013-06-09 14:05:25
省油宝,万**2,长尾版,3个月,2013-06-09 18:37:44
省油宝,潮**单,双引擎嘉年华季度优惠,3个月,2013-06-09 00:50:34
省油宝,踩**步,长尾版,1个月,2013-06-09 10:53:15
省油宝,宫**店,双引擎版,3个月,2013-06-09 20:58:50
省油宝,白**社,双引擎版,3个月,2013-06-09 10:37:32
省油宝,三**艺,长尾版,1个月,2013-06-09 19:29:14
省油宝,吴**8,双引擎嘉年华季度优惠,3个月,2013-06-09 19:01:02
省油宝,丽**肌,双引擎嘉年华季度优惠,3个月,2013-06-09 14:52:07
省油宝,l**5,长尾版,3个月,2013-06-09 15:20:19
省油宝,a**8,长尾版,3个月,2013-06-09 12:04:19
省油宝,林**5,长尾版,3个月,2013-06-09 19:11:54
省油宝,亲**乐,双引擎嘉年华季度优惠,3个月,2013-06-09 22:14:13
省油宝,兰**8,双引擎嘉年华季度优惠,3个月,2013-06-09 14:00:24
省油宝,品**6,双引擎版,3个月,2013-06-09 23:19:56
省油宝,s**9,双引擎嘉年华季度优惠,3个月,2013-06-09 16:50:05
省油宝,涵**店,双引擎嘉年华季度优惠,3个月,2013-06-09 09:51:36
省油宝,童**店,长尾版,3个月,2013-06-09 08:34:09
省油宝,刘**国,长尾版,3个月,2013-06-09 06:18:39
省油宝,凯**l,双引擎版,3个月,2013-06-09 10:02:25
省油宝,77皇妃,双引擎版,6个月,2013-06-09 13:14:13
省油宝,时**f,双引擎嘉年华季度优惠,3个月,2013-06-09 10:47:26
省油宝,b**雅,长尾版,3个月,2013-06-09 12:37:18
省油宝,喜**坊,双引擎嘉年华季度优惠,3个月,2013-06-09 00:50:46
省油宝,x**o,双引擎嘉年华季度优惠,3个月,2013-06-09 13:40:07
省油宝,y**i,双引擎版,3个月,2013-06-09 23:07:28
省油宝,龙**6,双引擎嘉年华季度优惠,3个月,2013-06-09 09:20:54
省油宝,y**8,双引擎嘉年华季度优惠,3个月,2013-06-09 21:42:53
省油宝,s**1,双引擎嘉年华季度优惠,3个月,2013-06-09 16:09:44
省油宝,l**0,长尾版,3个月,2013-06-09 23:12:19
省油宝,凯**店,长尾版,3个月,2013-06-09 10:41:53
省油宝,b**n,双引擎版,1个月,2013-06-09 09:43:28
省油宝,衣**店,双引擎嘉年华季度优惠,3个月,2013-06-09 09:14:14
省油宝,依**惠,双引擎版,3个月,2013-06-09 22:54:36
省油宝,a**1,长尾版,3个月,2013-06-09 11:20:35
省油宝,衣**店,双引擎版,1个月,2013-06-09 10:01:37
省油宝,l**i,双引擎嘉年华季度优惠,6个月,2013-06-09 17:51:55
省油宝,陶**爱,长尾版,1个月,2013-06-09 21:45:12
省油宝,鞋**姐,长尾版,3个月,2013-06-09 12:03:42
省油宝,舞动青春8886,长尾版,1个月,2013-06-09 23:41:24
省油宝,燕儿飞大码,双引擎版,3个月,2013-06-09 10:03:48
省油宝,唯**鞋,双引擎嘉年华季度优惠,3个月,2013-06-09 15:51:28
省油宝,l**t,长尾版,3个月,2013-06-09 15:46:52
省油宝,左**店,双引擎版,3个月,2013-06-09 14:28:58
省油宝,苏**栋,双引擎嘉年华季度优惠,3个月,2013-06-09 11:32:53
省油宝,多**9,长尾版,3个月,2013-06-09 15:33:35
省油宝,追**5,长尾版,1个月,2013-06-09 22:47:51
省油宝,今**晴,双引擎版,3个月,2013-06-09 14:01:22
省油宝,美**1,长尾版,1个月,2013-06-09 13:05:47
省油宝,净**b,长尾版,3个月,2013-06-09 11:00:23
省油宝,a**8,双引擎嘉年华季度优惠,3个月,2013-06-09 00:38:23
省油宝,壁**家,双引擎嘉年华季度优惠,3个月,2013-06-09 15:12:41
省油宝,z**1,双引擎版,1个月,2013-06-09 23:17:14
省油宝,a**e,长尾版,1个月,2013-06-09 09:59:34
省油宝,z**e,双引擎嘉年华季度优惠,3个月,2013-06-09 09:52:12
省油宝,何**9,长尾版,3个月,2013-06-09 17:38:16
省油宝,l**c,双引擎嘉年华季度优惠,3个月,2013-06-09 19:34:11
省油宝,y**8,双引擎嘉年华季度优惠,3个月,2013-06-09 17:31:36
省油宝,修**您,双引擎版,1个月,2013-06-09 19:48:48
省油宝,t**9,长尾版,3个月,2013-06-09 21:33:51
省油宝,j**6,长尾版,1个月,2013-06-09 04:03:44
省油宝,珠**吧,长尾版,3个月,2013-06-09 00:33:07
省油宝,每**升,双引擎版,1个月,2013-06-09 10:46:37
省油宝,i**e,双引擎嘉年华季度优惠,3个月,2013-06-09 14:24:46
省油宝,雅**年,双引擎嘉年华季度优惠,3个月,2013-06-09 09:55:28
省油宝,斯**4,长尾版,1个月,2013-06-09 13:10:07
省油宝,薇**n,双引擎版,1个月,2013-06-09 22:41:49
省油宝,w**g,双引擎版,3个月,2013-06-09 15:45:43
省油宝,仲**8,长尾版,3个月,2013-06-09 11:34:09
省油宝,b**0,双引擎嘉年华季度优惠,3个月,2013-06-09 14:44:04
省油宝,雨**店,长尾版,1个月,2013-06-09 07:48:55
省油宝,钢**e,双引擎版,1个月,2013-06-09 09:56:53
省油宝,创**0,双引擎嘉年华季度优惠,3个月,2013-06-09 16:03:55
省油宝,衣**8,双引擎嘉年华季度优惠,3个月,2013-06-09 22:38:07
省油宝,野**7,双引擎版,3个月,2013-06-09 22:55:08
省油宝,清**n,双引擎嘉年华季度优惠,3个月,2013-06-09 17:22:50
省油宝,d**8,双引擎嘉年华季度优惠,3个月,2013-06-09 21:12:05
省油宝,花**6,双引擎嘉年华季度优惠,3个月,2013-06-09 23:37:57
省油宝,糖**2,长尾版,3个月,2013-06-09 09:02:02
省油宝,京**店,双引擎版,3个月,2013-06-09 11:35:48
省油宝,王**从,长尾版,3个月,2013-06-09 08:46:05
省油宝,o**0,长尾版,1个月,2013-06-09 19:16:17
省油宝,j**1,双引擎嘉年华季度优惠,3个月,2013-06-09 22:35:33
省油宝,美**具,双引擎嘉年华季度优惠,3个月,2013-06-09 11:19:58
省油宝,h**店,长尾版,6个月,2013-06-09 16:56:36
省油宝,品**店,双引擎版,1个月,2013-06-09 20:34:33
省油宝,我**吧,长尾版,3个月,2013-06-09 09:12:57
省油宝,wenzhouhaiou,长尾版,3个月,2013-06-09 14:00:29
省油宝,张**如,长尾版,3个月,2013-06-09 10:34:54
省油宝,蝴**s,双引擎嘉年华季度优惠,3个月,2013-06-09 23:50:59
省油宝,h**a,双引擎嘉年华季度优惠,3个月,2013-06-09 17:31:22
省油宝,世**1,长尾版,3个月,2013-06-09 16:03:43
省油宝,紫**砂,双引擎版,3个月,2013-06-09 00:08:16
省油宝,快**食,长尾版,3个月,2013-06-09 00:00:42
省油宝,x**g,长尾版,1个月,2013-06-09 13:34:46
省油宝,s**n,双引擎嘉年华季度优惠,3个月,2013-06-09 14:14:59
省油宝,家**购,双引擎嘉年华季度优惠,3个月,2013-06-09 21:05:19
省油宝,t**w,双引擎版,3个月,2013-06-09 09:38:37
省油宝,崔**贝,双引擎嘉年华季度优惠,3个月,2013-06-09 11:39:42
省油宝,n**y,双引擎版,1个月,2013-06-09 11:27:06
省油宝,春**9,长尾版,1个月,2013-06-09 13:14:59
省油宝,雅**浴,长尾版,3个月,2013-06-09 22:40:37
省油宝,t**1,长尾版,1个月,2013-06-09 21:12:15
省油宝,h**8,双引擎嘉年华季度优惠,3个月,2013-06-09 17:53:27
省油宝,优**店,双引擎嘉年华季度优惠,3个月,2013-06-09 17:27:16
省油宝,五**8,双引擎版,3个月,2013-06-09 21:33:32
省油宝,精**8,双引擎嘉年华季度优惠,3个月,2013-06-09 10:14:19
省油宝,时**柜,双引擎嘉年华季度优惠,3个月,2013-06-09 09:55:25
省油宝,易**0,长尾版,1个月,2013-06-09 12:38:20
省油宝,姿**店,双引擎版,3个月,2013-06-09 13:07:00
省油宝,爱**6,双引擎版,3个月,2013-06-09 04:45:55
省油宝,品**访,双引擎嘉年华季度优惠,3个月,2013-06-09 14:16:03
省油宝,项**芬,双引擎嘉年华季度优惠,3个月,2013-06-09 22:00:32
省油宝,快**1,双引擎嘉年华季度优惠,3个月,2013-06-09 16:55:11
省油宝,不**2,双引擎版,3个月,2013-06-09 16:49:35
省油宝,修**店,双引擎嘉年华季度优惠,1个月,2013-06-09 16:59:11
省油宝,迈**甸,长尾版,3个月,2013-06-09 03:24:21
省油宝,威**牌,长尾版,1个月,2013-06-09 22:45:07
省油宝,丽**果,双引擎版,3个月,2013-06-09 20:31:58
省油宝,孙**8,双引擎版,3个月,2013-06-09 10:23:55
省油宝,脚**8,双引擎版,3个月,2013-06-09 13:41:47
省油宝,帅**0,长尾版,1个月,2013-06-09 18:31:09
省油宝,腾**行,双引擎版,3个月,2013-06-09 11:15:22
省油宝,朱**4,双引擎版,1个月,2013-06-09 22:44:30
省油宝,唐**丶,双引擎嘉年华季度优惠,3个月,2013-06-09 07:55:26
省油宝,至**蹈,双引擎版,3个月,2013-06-09 08:47:23
省油宝,服**人,双引擎嘉年华季度优惠,3个月,2013-06-09 23:07:07
省油宝,g**o,长尾版,3个月,2013-06-09 12:43:13
省油宝,酷**凤,双引擎嘉年华季度优惠,3个月,2013-06-09 01:25:16
省油宝,诚**分,双引擎嘉年华季度优惠,3个月,2013-06-09 17:39:44
省油宝,神**店,双引擎嘉年华季度优惠,6个月,2013-06-09 22:00:00
省油宝,茶**上,双引擎版,3个月,2013-06-09 17:20:16
省油宝,家**贝,双引擎嘉年华季度优惠,3个月,2013-06-09 14:40:20
省油宝,女**城,长尾版,1个月,2013-06-09 22:47:32
省油宝,小**4,双引擎嘉年华季度优惠,3个月,2013-06-09 17:07:54
省油宝,幸**0,长尾版,1个月,2013-06-09 07:58:45
省油宝,张**0,双引擎嘉年华季度优惠,3个月,2013-06-09 15:43:33
省油宝,敬**0,双引擎嘉年华季度优惠,3个月,2013-06-09 19:12:55
省油宝,范**9,双引擎版,3个月,2013-06-09 21:16:18
省油宝,s**七,双引擎版,1个月,2013-06-09 20:30:22
省油宝,七**城,长尾版,1个月,2013-06-09 20:05:02
省油宝,树**8,长尾版,3个月,2013-06-09 18:27:02
省油宝,倾**城,长尾版,3个月,2013-06-09 21:24:21
省油宝,佳**店,双引擎版,3个月,2013-06-09 13:12:18
省油宝,布**设,双引擎版,3个月,2013-06-09 22:52:03
省油宝,l**2,双引擎版,3个月,2013-06-09 22:27:56
省油宝,华威鞋城,双引擎版,3个月,2013-06-09 15:08:51
省油宝,斯**4,双引擎嘉年华季度优惠,3个月,2013-06-09 13:35:52
省油宝,风**9,双引擎嘉年华季度优惠,3个月,2013-06-09 16:15:13
省油宝,信**9,长尾版,3个月,2013-06-09 20:20:40
省油宝,w**g,双引擎嘉年华季度优惠,1年,2013-06-09 09:23:48
省油宝,b**u,双引擎嘉年华季度优惠,3个月,2013-06-09 09:39:45
省油宝,衣**姑,长尾版,1个月,2013-06-09 11:11:58
省油宝,修**店,双引擎嘉年华季度优惠,1个月,2013-06-09 16:59:21
省油宝,w**居,双引擎版,3个月,2013-06-09 15:12:13
省油宝,铭**品,双引擎嘉年华季度优惠,3个月,2013-06-09 14:35:50
省油宝,tb708635_88,长尾版,3个月,2013-06-09 00:06:57
省油宝,淘**袋,双引擎嘉年华季度优惠,3个月,2013-06-09 20:22:51
省油宝,闯**0,双引擎嘉年华季度优惠,3个月,2013-06-09 10:15:47
好又快,l**馆,软件专业版,1个月,2013-06-09 14:12:41
好又快,三**业,软件专业版,1个月,2013-06-09 15:48:19
好又快,卑**e,软件专业版,1个月,2013-06-09 09:51:21
好又快,雷**服,软件版【季度优惠】,3个月,2013-06-09 15:51:40
好又快,梦的亭,软件专业版,3个月,2013-06-09 11:09:49
好又快,纤**店,软件版【季度优惠】,3个月,2013-06-09 17:07:58
好又快,z**店,软件版【季度优惠】,3个月,2013-06-09 11:16:44
好又快,凡**店,软件版【季度优惠】,3个月,2013-06-09 11:32:56
好又快,s**1,软件版【季度优惠】,1个月,2013-06-09 12:35:30
好又快,小**娃,软件版【季度优惠】,3个月,2013-06-09 03:17:19
好又快,可**装,软件版【5个店铺】,1个月,2013-06-09 19:03:50
好又快,合**用,软件版【季度优惠】,3个月,2013-06-09 11:37:00
好又快,t**6,软件版【季度优惠】,3个月,2013-06-09 01:25:24
好又快,皓**技,软件专业版,3个月,2013-06-09 17:44:43
好又快,庄**店,软件专业版,1年,2013-06-09 14:45:45
好又快,梦**j,软件专业版,1个月,2013-06-09 20:25:26
好又快,我**8,软件专业版,1个月,2013-06-09 21:05:17
好又快,纵**丽,软件版【季度优惠】,1个月,2013-06-09 22:10:51
好又快,j**8,软件专业版,3个月,2013-06-09 00:13:00
好又快,c**2,软件专业版,1个月,2013-06-09 09:40:02
好又快,t**n,软件版【季度优惠】,3个月,2013-06-09 13:16:49
好又快,l**馆,软件专业版,1个月,2013-06-09 00:05:02
好又快,q**3,软件版【季度优惠】,1个月,2013-06-09 16:21:36
好又快,l**g,软件版【季度优惠】,3个月,2013-06-09 14:23:51
好又快,宾**店,软件专业版,1个月,2013-06-09 15:00:13
好又快,w**6,软件版【季度优惠】,3个月,2013-06-09 09:57:17
好又快,玲**2,软件版【季度优惠】,3个月,2013-06-09 09:22:13
好又快,a**z,软件专业版,3个月,2013-06-09 10:34:08
好又快,爱**标,软件专业版,1年,2013-06-09 14:21:32
智能车手,l**5,精准长尾★低价引流版,1个月,2013-06-09 19:57:24
智能车手,林**店,精准长尾★低价引流版,3个月,2013-06-09 10:04:42
智能车手,疯**列,精准长尾★低价引流版,1个月,2013-06-09 18:15:23
智能车手,雷**0,双引擎★打造爆款版,3个月,2013-06-09 11:26:42
智能车手,三**6,双引擎★打造爆款版,3个月,2013-06-09 13:34:19
智能车手,y**阁,精准长尾★低价引流版,1个月,2013-06-09 09:21:27
智能车手,啦**5,精准长尾★低价引流版,1个月,2013-06-09 02:13:39
智能车手,水**艺,精准长尾★低价引流版,3个月,2013-06-09 20:59:12
智能车手,美**9,精准长尾★低价引流版,1个月,2013-06-09 11:59:10
智能车手,b**4,双引擎★打造爆款版,3个月,2013-06-09 00:23:54
智能车手,j**1,精准长尾★低价引流版,1个月,2013-06-09 09:35:59
智能车手,l**0,精准长尾★低价引流版,3个月,2013-06-09 00:25:56
智能车手,z**7,精准长尾★低价引流版,1个月,2013-06-09 14:51:05
智能车手,我**6,精准长尾★低价引流版,3个月,2013-06-09 08:28:29
智能车手,jshaxuankai,双引擎★打造爆款版,6个月,2013-06-09 17:25:11
智能车手,m**1,精准长尾★低价引流版,3个月,2013-06-09 00:45:50
智能车手,时**午,精准长尾★低价引流版,1个月,2013-06-09 09:56:11
智能车手,o**9,精准长尾★低价引流版,3个月,2013-06-09 15:17:17
智能车手,h**8,精准长尾★低价引流版,1个月,2013-06-09 11:10:33
智能车手,啊**饰,精准长尾★低价引流版,1个月,2013-06-09 22:33:06
智能车手,新**8,精准长尾★低价引流版,1个月,2013-06-09 22:15:57
智能车手,北**地,精准长尾★低价引流版,1个月,2013-06-09 18:24:31
智能车手,圆**n,双引擎★打造爆款版,1个月,2013-06-09 00:27:48
智能车手,湖**发,精准长尾★低价引流版,1个月,2013-06-09 08:16:54
智能车手,s**3,精准长尾★低价引流版,1个月,2013-06-09 16:02:53
智能车手,h**1,精准长尾★低价引流版,1个月,2013-06-09 14:22:10
智能车手,x**f,精准长尾★低价引流版,1个月,2013-06-09 10:29:28
智能车手,w**r,精准长尾★低价引流版,1个月,2013-06-09 09:46:08
智能车手,l**2,精准长尾★低价引流版,1个月,2013-06-09 17:19:14
智能车手,c**z,双引擎★打造爆款版,1个月,2013-06-09 02:27:36
智能车手,华**6,精准长尾★低价引流版,1个月,2013-06-09 17:23:02
智能车手,卓**店,精准长尾★低价引流版,3个月,2013-06-09 17:53:19
智能车手,哆**1,双引擎★打造爆款版,3个月,2013-06-09 14:53:29
智能车手,雷**0,精准长尾★低价引流版,1个月,2013-06-09 11:06:49
智能车手,5**王,双引擎★打造爆款版,3个月,2013-06-09 23:09:11
智能车手,性**腰,精准长尾★低价引流版,1个月,2013-06-09 20:29:01
智能车手,美**踪,精准长尾★低价引流版,6个月,2013-06-09 08:45:19
智能车手,可**n,精准长尾★低价引流版,1个月,2013-06-09 09:04:56
智能车手,c**p,双引擎★打造爆款版,3个月,2013-06-09 10:42:05
智能车手,c**2,精准长尾★低价引流版,1个月,2013-06-09 14:52:41
智能车手,潇**人,精准长尾★低价引流版,1个月,2013-06-09 11:46:58
智能车手,赢**赢,精准长尾★低价引流版,1个月,2013-06-09 07:42:01
智能车手,靳**华,精准长尾★低价引流版,1个月,2013-06-09 14:36:45
智能车手,可**技,双引擎★打造爆款版,3个月,2013-06-09 09:44:43
智能车手,林**店,双引擎★打造爆款版,3个月,2013-06-09 10:36:03
智能车手,q**0,精准长尾★低价引流版,1个月,2013-06-09 08:05:22
智能车手,时**士,精准长尾★低价引流版,1个月,2013-06-09 23:09:25
智能车手,p**e,精准长尾★低价引流版,1个月,2013-06-09 20:45:23
智能车手,最**尚,精准长尾★低价引流版,1个月,2013-06-09 00:25:58
智能车手,苹**馆,精准长尾★低价引流版,3个月,2013-06-09 23:43:33
智能车手,美**8,精准长尾★低价引流版,1个月,2013-06-09 08:57:19
智能车手,浪**车,精准长尾★低价引流版,1个月,2013-06-09 11:30:41
智能车手,曦**宫,精准长尾★低价引流版,1个月,2013-06-09 22:13:05
智能车手,j**m,双引擎★打造爆款版,3个月,2013-06-09 00:14:43
智能车手,郭**古,精准长尾★低价引流版,1个月,2013-06-09 08:55:45
智能车手,j**6,双引擎★打造爆款版,3个月,2013-06-09 13:08:23
智能车手,g**4,精准长尾★低价引流版,1个月,2013-06-09 12:54:29
智能车手,s**2,双引擎★打造爆款版,1个月,2013-06-09 23:33:48
智能车手,a**4,双引擎★打造爆款版,3个月,2013-06-09 09:33:36
智能车手,爱**8,精准长尾★低价引流版,1个月,2013-06-09 15:02:53
智能车手,澳**店,精准长尾★低价引流版,1个月,2013-06-09 23:07:52
智能车手,艾**店,精准长尾★低价引流版,1个月,2013-06-09 23:41:04
智能车手,y**0,双引擎★打造爆款版,3个月,2013-06-09 13:43:53
智能车手,娃**笑,精准长尾★低价引流版,1个月,2013-06-09 14:28:38
开车精灵,g**5,全功能高级完整版,1个月,2013-06-09 17:07:18
开车精灵,柠**6,全功能高级完整版,1个月,2013-06-09 13:20:44
开车精灵,t**u,订购季度限时优惠,3个月,2013-06-09 22:42:58
开车精灵,西**甜,全功能高级完整版,1个月,2013-06-09 16:02:05
开车精灵,贝**致,全功能高级完整版,3个月,2013-06-09 11:40:59
开车精灵,伊**窖,全功能高级完整版,1个月,2013-06-09 20:40:47
开车精灵,m**0,全功能高级完整版,1个月,2013-06-09 10:14:08
开车精灵,z**5,全功能高级完整版,1个月,2013-06-09 00:12:30
开车精灵,血**粟,全功能高级完整版,1个月,2013-06-09 20:37:41
开车精灵,联**店,全功能高级完整版,3个月,2013-06-09 11:31:25
开车精灵,亿**饰,全功能高级完整版,1个月,2013-06-09 20:11:41
开车精灵,凤**说,全功能高级完整版,1个月,2013-06-09 00:06:24
开车精灵,b**店,订购季度限时优惠,3个月,2013-06-09 00:16:06
开车精灵,小**店,全功能高级完整版,6个月,2013-06-09 09:25:09
开车精灵,g**l,全功能高级完整版,1个月,2013-06-09 14:34:50
开车精灵,豆**f,全功能高级完整版,3个月,2013-06-09 05:59:51
开车精灵,维**o,全功能高级完整版,3个月,2013-06-09 21:02:51
开车精灵,p**2,订购季度限时优惠,3个月,2013-06-09 23:33:41
开车精灵,k**3,订购季度限时优惠,3个月,2013-06-09 11:02:07
开车精灵,c**7,订购季度限时优惠,3个月,2013-06-09 00:16:35
开车精灵,丰**店,全功能高级完整版,1个月,2013-06-09 09:21:01
开车精灵,美**店,订购季度限时优惠,3个月,2013-06-09 15:41:47
开车精灵,萧**2,全功能高级完整版,1个月,2013-06-09 13:29:15
开车精灵,凤**玩,全功能高级完整版,1个月,2013-06-09 23:13:56
开车精灵,美**居,订购季度限时优惠,3个月,2013-06-09 18:35:22
开车精灵,润**坊,订购季度限时优惠,3个月,2013-06-09 12:06:20
开车精灵,黑**圈,全功能高级完整版,1个月,2013-06-09 19:24:15
开车精灵,e**流,全功能高级完整版,3个月,2013-06-09 22:33:32
开车精灵,三**店,订购季度限时优惠,3个月,2013-06-09 11:50:09
开车精灵,好**明,全功能高级完整版,1个月,2013-06-09 10:17:19
开车精灵,拉**业,订购季度限时优惠,3个月,2013-06-09 20:21:34
开车精灵,潮**屋,订购季度限时优惠,3个月,2013-06-09 10:05:35
开车精灵,t**7,全功能高级完整版,1个月,2013-06-09 16:05:37
开车精灵,w**o,全功能高级完整版,3个月,2013-06-09 23:52:47
开车精灵,v**g,订购季度限时优惠,3个月,2013-06-09 21:05:50
开车精灵,凡**店,全功能高级完整版,1个月,2013-06-09 21:07:21
开车精灵,睡**9,全功能高级完整版,3个月,2013-06-09 11:59:28
开车精灵,q**威,订购季度限时优惠,3个月,2013-06-09 19:34:30
开车精灵,x**6,订购季度限时优惠,3个月,2013-06-09 01:51:22
开车精灵,依**居,全功能高级完整版,1个月,2013-06-09 21:23:20
开车精灵,x**m,全功能高级完整版,3个月,2013-06-09 23:24:59
开车精灵,极**店,订购季度限时优惠,3个月,2013-06-09 09:36:25
开车精灵,香**饰,全功能高级完整版,1个月,2013-06-09 11:13:44
开车精灵,振**店,订购季度限时优惠,3个月,2013-06-09 11:51:03
开车精灵,雨**阳,全功能高级完整版,1个月,2013-06-09 11:34:33
开车精灵,怡**店,全功能高级完整版,3个月,2013-06-09 23:48:18
开车精灵,新**店,全功能高级完整版,3个月,2013-06-09 11:50:19
开车精灵,l**7,全功能高级完整版,1个月,2013-06-09 16:47:13
开车精灵,艾迪森卫浴旗舰店,全功能高级完整版,3个月,2013-06-09 14:40:27
开车精灵,a**7,全功能高级完整版,1个月,2013-06-09 10:52:39
开车精灵,q**7,全功能高级完整版,1个月,2013-06-09 22:26:47
开车精灵,l**店,全功能高级完整版,3个月,2013-06-09 18:52:51
开车精灵,杨**代,全功能高级完整版,1个月,2013-06-09 22:08:38
开车精灵,我**店,全功能高级完整版,1个月,2013-06-09 18:31:45
开车精灵,0**6,全功能高级完整版,3个月,2013-06-09 19:21:28
开车精灵,新**具,全功能高级完整版,1个月,2013-06-09 22:36:43
开车精灵,l**e,订购季度限时优惠,3个月,2013-06-09 16:56:33
开车精灵,小**店,全功能高级完整版,1个月,2013-06-09 18:58:04
开车精灵,m**店,订购季度限时优惠,3个月,2013-06-09 17:44:41
开车精灵,独**恶,全功能高级完整版,1个月,2013-06-09 16:00:26
开车精灵,易路捷数码专营店,订购季度限时优惠,3个月,2013-06-09 11:34:16
开车精灵,s**6,订购季度限时优惠,3个月,2013-06-09 12:55:44
开车精灵,物**城,订购季度限时优惠,3个月,2013-06-09 20:38:17
开车精灵,十**衣,全功能高级完整版,3个月,2013-06-09 20:07:55
开车精灵,心**行,全功能高级完整版,1个月,2013-06-09 22:26:05
开车精灵,s**7,全功能高级完整版,3个月,2013-06-09 14:44:31
开车精灵,喜**味,全功能高级完整版,1个月,2013-06-09 13:29:25
开车精灵,森**店,订购季度限时优惠,3个月,2013-06-09 12:19:43
开车精灵,返**7,全功能高级完整版,1个月,2013-06-09 11:04:28
开车精灵,尚**店,全功能高级完整版,1个月,2013-06-09 17:08:33
开车精灵,锐**店,全功能高级完整版,6个月,2013-06-09 15:03:43
开车精灵,x**0,全功能高级完整版,3个月,2013-06-09 18:15:43
开车精灵,精**店,全功能高级完整版,1个月,2013-06-09 08:57:51
开车精灵,冰**伊,订购季度限时优惠,3个月,2013-06-09 14:41:40
开车精灵,亿**9,订购季度限时优惠,3个月,2013-06-09 19:24:02
开车精灵,z**8,订购季度限时优惠,3个月,2013-06-09 15:29:11
开车精灵,松**8,全功能高级完整版,1个月,2013-06-09 19:26:34
开车精灵,s**七,全功能高级完整版,1个月,2013-06-09 21:21:15
开车精灵,依**居,全功能高级完整版,3个月,2013-06-09 22:07:56
开车精灵,k**0,订购季度限时优惠,3个月,2013-06-09 11:28:53
开车精灵,l**8,订购季度限时优惠,3个月,2013-06-09 11:32:29
开车精灵,百**店,全功能高级完整版,3个月,2013-06-09 12:02:03
开车精灵,瑞**店,订购季度限时优惠,3个月,2013-06-09 12:23:56
开车精灵,陶**城,订购季度限时优惠,3个月,2013-06-09 16:53:51
开车精灵,美**房,全功能高级完整版,3个月,2013-06-09 17:23:50
开车精灵,韩**鞋,全功能高级完整版,1个月,2013-06-09 16:22:34
开车精灵,星**8,全功能高级完整版,1个月,2013-06-09 19:39:35
开车精灵,万**1,订购季度限时优惠,3个月,2013-06-09 09:37:20
开车精灵,d**店,全功能高级完整版,1年,2013-06-09 09:57:39
开车精灵,月**7,全功能高级完整版,3个月,2013-06-09 21:15:57
开车精灵,米**儿,全功能高级完整版,1个月,2013-06-09 11:25:50
开车精灵,创**属,全功能高级完整版,1个月,2013-06-09 12:02:21
开车精灵,m**7,订购季度限时优惠,3个月,2013-06-09 09:52:59
开车精灵,婉**网,全功能高级完整版,3个月,2013-06-09 10:56:53
开车精灵,衣**恋,全功能高级完整版,6个月,2013-06-09 14:35:27
开车精灵,大**列,全功能高级完整版,1个月,2013-06-09 18:39:57
开车精灵,问**店,全功能高级完整版,1年,2013-06-09 14:57:31
开车精灵,s**店,全功能高级完整版,3个月,2013-06-09 19:09:43
开车精灵,欢**8,全功能高级完整版,3个月,2013-06-09 00:11:18
开车精灵,c**5,全功能高级完整版,3个月,2013-06-09 22:50:22
开车精灵,z**9,全功能高级完整版,1个月,2013-06-09 00:06:40
开车精灵,v**店,全功能高级完整版,1个月,2013-06-09 14:16:17
开车精灵,三**店,全功能高级完整版,1个月,2013-06-09 12:50:58
开车精灵,爱**街,全功能高级完整版,1个月,2013-06-09 22:39:18
开车精灵,羽**际,全功能高级完整版,1个月,2013-06-09 00:06:00
开车精灵,江**行,订购季度限时优惠,3个月,2013-06-09 10:16:29
开车精灵,光辉岁月商城,全功能高级完整版,1个月,2013-06-09 12:10:36
开车精灵,不**魂,订购季度限时优惠,3个月,2013-06-09 09:43:24
开车精灵,芭**姿,全功能高级完整版,3个月,2013-06-09 16:23:44
开车精灵,合**店,全功能高级完整版,6个月,2013-06-09 16:37:59
开车精灵,啊**8,全功能高级完整版,1个月,2013-06-09 16:39:44
开车精灵,蜜**s,全功能高级完整版,3个月,2013-06-09 19:13:22
开车精灵,z**5,全功能高级完整版,3个月,2013-06-09 11:55:50
开车精灵,小**店,全功能高级完整版,1个月,2013-06-09 22:10:16
开车精灵,r**7,全功能高级完整版,1个月,2013-06-09 09:08:36
开车精灵,i**x,订购季度限时优惠,3个月,2013-06-09 12:46:31
开车精灵,lizhaohua08,全功能高级完整版,1个月,2013-06-09 15:01:46
开车精灵,f**m,全功能高级完整版,1个月,2013-06-09 17:38:19
开车精灵,傲**店,全功能高级完整版,6个月,2013-06-09 14:08:48
开车精灵,心**晓,全功能高级完整版,1个月,2013-06-09 11:01:44
开车精灵,随**流,全功能高级完整版,1个月,2013-06-09 10:09:42
开车精灵,灵**淘,订购季度限时优惠,3个月,2013-06-09 12:51:15
大麦优驾,叠**淡,重点宝贝托管版(特惠),1个月,2013-06-09 09:06:44
大麦优驾,覃**店,重点宝贝托管版(特惠),1个月,2013-06-09 20:47:02
大麦优驾,汪**久,人机结合高级版,1个月,2013-06-09 13:35:41
大麦优驾,l**族,自动化低价引流版,1个月,2013-06-09 23:36:36
大麦优驾,叠**淡,重点宝贝托管版(特惠),1个月,2013-06-09 09:04:16
大麦优驾,笨**服,自动化低价引流版,1个月,2013-06-09 23:47:45
大麦优驾,笨**服,自动化低价引流版,1个月,2013-06-09 23:47:24
大麦优驾,s**8,自动化低价引流版,1个月,2013-06-09 20:20:03
大麦优驾,依**琪,自动化低价引流版,1个月,2013-06-09 10:22:46
大麦优驾,廖**7,自动化低价引流版,1个月,2013-06-09 20:53:02
大麦优驾,水**1,重点宝贝托管版(特惠),1个月,2013-06-09 14:01:34
大麦优驾,s**8,自动化低价引流版,1个月,2013-06-09 20:24:43
大麦优驾,晨**家,自动化低价引流版,1个月,2013-06-09 16:58:57
大麦优驾,与**遇,重点宝贝托管版(特惠),1个月,2013-06-09 17:23:05
大麦优驾,温**递,重点宝贝托管版(特惠),3个月,2013-06-09 10:47:39
大麦优驾,尚**帛,人机结合高级版,1个月,2013-06-09 18:46:37
大麦优驾,紫**堂,自动化低价引流版,1个月,2013-06-09 11:44:54
大麦优驾,方**趣,自动化低价引流版,1个月,2013-06-09 10:58:49
大麦优驾,匡**店,自动化低价引流版,3个月,2013-06-09 15:41:28
大麦优驾,诚**饰,重点宝贝托管版(特惠),3个月,2013-06-09 11:42:24
大麦优驾,h**8,自动化低价引流版,3个月,2013-06-09 15:03:49
大麦优驾,王**德,自动化低价引流版,1个月,2013-06-09 00:37:54
大麦优驾,f**2,自动化低价引流版,3个月,2013-06-09 14:37:29
大麦优驾,w**8,重点宝贝托管版(特惠),1个月,2013-06-09 16:11:39
大麦优驾,淳**店,人机结合高级版,3个月,2013-06-09 11:34:09
大麦优驾,舒美佳家居,自动化低价引流版,1个月,2013-06-09 21:11:26
大麦优驾,小**9,重点宝贝托管版(特惠),1个月,2013-06-09 15:51:26
大麦优驾,叶**0,重点宝贝托管版(特惠),3个月,2013-06-09 15:30:48
大麦优驾,x**1,自动化低价引流版,1个月,2013-06-09 11:02:05
大麦优驾,y**l,自动化低价引流版,1个月,2013-06-09 13:34:26
大麦优驾,叶**0,重点宝贝托管版(特惠),1个月,2013-06-09 15:31:21
大麦优驾,罗**红,自动化低价引流版,1个月,2013-06-09 18:54:08
大麦优驾,r**0,自动化低价引流版,1个月,2013-06-09 06:59:54
大麦优驾,职业门旗舰店,重点宝贝托管版(特惠),3个月,2013-06-09 12:00:10
大麦优驾,c**2,自动化低价引流版,1个月,2013-06-09 23:21:04
大麦优驾,疯**撒,自动化低价引流版,1个月,2013-06-09 18:47:42
大麦优驾,蔷薇泡,自动化低价引流版,1个月,2013-06-09 11:41:45
大麦优驾,以**店,自动化低价引流版,3个月,2013-06-09 23:07:10
大麦优驾,玲**码,重点宝贝托管版(特惠),1个月,2013-06-09 13:39:16
大麦优驾,新**屋,重点宝贝托管版(特惠),3个月,2013-06-09 20:31:03
大麦优驾,玲**码,重点宝贝托管版(特惠),1个月,2013-06-09 13:39:54
大麦优驾,魔**都,自动化低价引流版,1个月,2013-06-09 22:10:38
大麦优驾,水**1,重点宝贝托管版(特惠),3个月,2013-06-09 13:56:31
大麦优驾,稀**果,人机结合高级版,1个月,2013-06-09 20:26:30
大麦优驾,天**8,自动化低价引流版,6个月,2013-06-09 21:47:19
大麦优驾,天**店,自动化低价引流版,1个月,2013-06-09 15:04:53
大麦优驾,汽**品,重点宝贝托管版(特惠),3个月,2013-06-09 12:28:08
大麦优驾,舒**居,自动化低价引流版,3个月,2013-06-09 21:05:29
大麦优驾,妮**运,自动化低价引流版,3个月,2013-06-09 15:15:03
大麦优驾,罗**林,自动化低价引流版,3个月,2013-06-09 12:46:38
大麦优驾,百**鞋,自动化低价引流版,1个月,2013-06-09 22:03:43
大麦优驾,清**6,自动化低价引流版,1个月,2013-06-09 10:20:40
大麦优驾,魅**店,自动化低价引流版,1个月,2013-06-09 10:10:46
大麦优驾,覃**店,重点宝贝托管版(特惠),3个月,2013-06-09 19:45:35
大麦优驾,w**0,自动化低价引流版,3个月,2013-06-09 23:37:42
大麦优驾,l**5,自动化低价引流版,1个月,2013-06-09 18:04:50
大麦优驾,y**l,自动化低价引流版,1个月,2013-06-09 13:33:40
大麦优驾,金**3,人机结合高级版,1个月,2013-06-09 15:42:24
大麦优驾,鼎**店,自动化低价引流版,3个月,2013-06-09 17:23:53
大麦优驾,卓**8,重点宝贝托管版(特惠),1个月,2013-06-09 15:59:02
大麦优驾,妮**运,自动化低价引流版,1个月,2013-06-09 15:19:36
大麦优驾,l**1,重点宝贝托管版(特惠),1个月,2013-06-09 01:06:07
大麦优驾,千**m,重点宝贝托管版(特惠),3个月,2013-06-09 19:54:16
大麦优驾,t**4,自动化低价引流版,3个月,2013-06-09 09:14:47
大麦优驾,k**0,重点宝贝托管版(特惠),3个月,2013-06-09 09:47:52
大麦优驾,小**v,自动化低价引流版,1个月,2013-06-09 23:13:03
大麦优驾,我**1,重点宝贝托管版(特惠),3个月,2013-06-09 18:48:17
大麦优驾,凯**饰,重点宝贝托管版(特惠),1个月,2013-06-09 21:30:27
大麦优驾,凯**饰,重点宝贝托管版(特惠),1个月,2013-06-09 21:30:01
大麦优驾,辽**边,自动化低价引流版,1个月,2013-06-09 09:16:59
大麦优驾,张**8,重点宝贝托管版(特惠),1年,2013-06-09 11:19:08
大麦优驾,太**部,自动化低价引流版,1个月,2013-06-09 16:54:04
大麦优驾,廖**7,自动化低价引流版,1个月,2013-06-09 20:53:29
大麦优驾,k**0,重点宝贝托管版(特惠),1个月,2013-06-09 09:48:22
大麦优驾,疯**撒,自动化低价引流版,1个月,2013-06-09 18:46:58
大麦优驾,r**0,自动化低价引流版,1个月,2013-06-09 06:58:37
大麦优驾,w**g,重点宝贝托管版(特惠),1个月,2013-06-09 18:45:30
大麦优驾,魔**都,自动化低价引流版,3个月,2013-06-09 22:01:11
大麦优驾,千**m,重点宝贝托管版(特惠),1个月,2013-06-09 19:54:46
大麦优驾,清**6,自动化低价引流版,1个月,2013-06-09 10:21:36
大麦优驾,l**族,自动化低价引流版,3个月,2013-06-09 23:31:06
大麦优驾,t**4,自动化低价引流版,1个月,2013-06-09 09:16:39
大麦优驾,洪**遥,自动化低价引流版,1个月,2013-06-09 12:13:01
大麦优驾,新**屋,重点宝贝托管版(特惠),1个月,2013-06-09 20:32:05
大麦优驾,幸**影,自动化低价引流版,1个月,2013-06-09 17:00:56
大麦优驾,我**1,重点宝贝托管版(特惠),1个月,2013-06-09 18:49:21
大麦优驾,小**v,自动化低价引流版,3个月,2013-06-09 23:12:04
大麦优驾,幸**影,自动化低价引流版,1个月,2013-06-09 17:01:26
大麦优驾,m**俊,重点宝贝托管版(特惠),1个月,2013-06-09 11:56:27
大麦优驾,h**n,重点宝贝托管版(特惠),1个月,2013-06-09 23:52:14
大麦优驾,m**俊,重点宝贝托管版(特惠),3个月,2013-06-09 11:48:47
大麦优驾,f**2,自动化低价引流版,1个月,2013-06-09 14:38:44
大麦优驾,l**0,自动化低价引流版,1个月,2013-06-09 20:09:51
大麦优驾,温**递,重点宝贝托管版(特惠),1个月,2013-06-09 10:48:16
大麦优驾,m**3,重点宝贝托管版(特惠),1个月,2013-06-09 10:51:21
大麦优驾,蓝**夜,自动化低价引流版,1个月,2013-06-09 18:47:34
大麦优驾,罗**红,自动化低价引流版,1个月,2013-06-09 14:38:07
大麦优驾,哎**饰,人机结合高级版,1个月,2013-06-09 14:58:57
大麦优驾,百**鞋,自动化低价引流版,1个月,2013-06-09 22:01:34
大麦优驾,王**德,自动化低价引流版,3个月,2013-06-09 00:37:15
大麦优驾,l**5,自动化低价引流版,1个月,2013-06-09 18:05:42
大麦优驾,依**琪,自动化低价引流版,3个月,2013-06-09 10:22:14
大麦优驾,相**8,自动化低价引流版,1个月,2013-06-09 15:19:34
大麦优驾,匡**店,自动化低价引流版,1个月,2013-06-09 15:45:50
大麦优驾,相**8,自动化低价引流版,1个月,2013-06-09 15:19:55
大麦优驾,h**n,重点宝贝托管版(特惠),1个月,2013-06-09 23:46:29
大麦优驾,m**3,重点宝贝托管版(特惠),3个月,2013-06-09 10:50:20
大麦优驾,t**0,自动化低价引流版,1个月,2013-06-09 23:29:25
大麦优驾,s**6,自动化低价引流版,1个月,2013-06-09 20:50:04
大麦优驾,荷**玉,重点宝贝托管版(特惠),6个月,2013-06-09 19:28:01
大麦优驾,基**爱,重点宝贝托管版(特惠),3个月,2013-06-09 10:48:55
大麦优驾,l**0,自动化低价引流版,1个月,2013-06-09 20:14:03
大麦优驾,卓**8,重点宝贝托管版(特惠),3个月,2013-06-09 15:58:03
大麦优驾,t**0,自动化低价引流版,1个月,2013-06-09 23:27:31
大麦优驾,思**3,重点宝贝托管版(特惠),1个月,2013-06-09 11:04:40
大麦优驾,蓝**夜,自动化低价引流版,3个月,2013-06-09 18:46:33
大麦优驾,辽**边,自动化低价引流版,1个月,2013-06-09 09:19:20
大麦优驾,神**件,自动化低价引流版,1个月,2013-06-09 20:09:48
大麦优驾,鼎**店,自动化低价引流版,1个月,2013-06-09 17:24:52
大麦优驾,品**店,自动化低价引流版,1个月,2013-06-09 19:03:33
大麦优驾,s**6,自动化低价引流版,3个月,2013-06-09 20:49:13
大麦优驾,品**店,自动化低价引流版,1个月,2013-06-09 19:03:01
大麦优驾,小**店,自动化低价引流版,1个月,2013-06-09 20:45:40
大麦优驾,方**趣,自动化低价引流版,1个月,2013-06-09 11:00:04
大麦优驾,紫**堂,自动化低价引流版,3个月,2013-06-09 11:44:14
大麦优驾,h**8,自动化低价引流版,1个月,2013-06-09 15:17:45
大麦优驾,天**店,自动化低价引流版,1个月,2013-06-09 15:07:00
大麦优驾,洪**遥,自动化低价引流版,1个月,2013-06-09 12:12:20
大麦优驾,angelcloset旗舰店,重点宝贝托管版(特惠),3个月,2013-06-09 16:12:24
大麦优驾,w**g,重点宝贝托管版(特惠),3个月,2013-06-09 18:43:01
大麦优驾,m**1,重点宝贝托管版(特惠),3个月,2013-06-09 16:31:36
大麦优驾,c**2,自动化低价引流版,3个月,2013-06-09 23:19:59
大麦优驾,宏达包包,自动化低价引流版,3个月,2013-06-09 00:08:42
大麦优驾,与**遇,重点宝贝托管版(特惠),3个月,2013-06-09 17:21:42
大麦优驾,神**件,自动化低价引流版,1个月,2013-06-09 20:02:43
大麦优驾,w**8,重点宝贝托管版(特惠),1个月,2013-06-09 16:13:52
大麦优驾,太**部,自动化低价引流版,3个月,2013-06-09 16:52:08
大麦优驾,罗**林,自动化低价引流版,1个月,2013-06-09 12:47:32
大麦优驾,以**店,自动化低价引流版,1个月,2013-06-09 23:08:18
北斗,s**9,选词王_选词能手,3个月,2013-06-09 20:49:53
北斗,龙**司,专业版_嘉年华季度5折,6个月,2013-06-09 11:28:25
北斗,大**家,选词王_选词能手,3个月,2013-06-09 20:34:01
北斗,徐**8,专业版_嘉年华季度5折,3个月,2013-06-09 17:53:54
北斗,木**店,专业版_嘉年华季度5折,6个月,2013-06-09 13:19:53
北斗,s**4,专业版_全能冠军,1个月,2013-06-09 15:47:06
北斗,x**a,专业版_嘉年华季度5折,3个月,2013-06-09 08:26:16
北斗,易**锁,专业版_嘉年华季度5折,3个月,2013-06-09 15:42:53
北斗,玉**店,专业版_全能冠军,1个月,2013-06-09 09:04:57
北斗,伊**纸,专业版_嘉年华季度5折,3个月,2013-06-09 14:54:55
北斗,z**装,专业版_全能冠军,1个月,2013-06-09 23:18:19
北斗,l**5,专业版_全能冠军,1个月,2013-06-09 09:49:44
北斗,远**店,专业版_全能冠军,3个月,2013-06-09 22:25:03
北斗,黄**8,专业版_全能冠军,3个月,2013-06-09 11:27:30
北斗,扶**店,专业版_全能冠军,3个月,2013-06-09 14:11:07
北斗,4**店,专业版_嘉年华季度5折,3个月,2013-06-09 14:06:19
北斗,c**9,专业版_全能冠军,3个月,2013-06-09 08:34:18
北斗,街**泡,专业版_嘉年华季度5折,3个月,2013-06-09 13:54:04
北斗,f**1,专业版_全能冠军,3个月,2013-06-09 11:37:49
北斗,武**1,选词王_选词能手,3个月,2013-06-09 12:44:50
北斗,小**9,专业版_全能冠军,1个月,2013-06-09 23:12:56
北斗,香**8,专业版_全能冠军,3个月,2013-06-09 23:53:28
北斗,头**1,专业版_全能冠军,3个月,2013-06-09 11:33:03
北斗,y**城,专业版_全能冠军,1个月,2013-06-09 20:42:33
北斗,听**馆,专业版_全能冠军,3个月,2013-06-09 19:57:13
淘快词,m**1,初级版,1个月,2013-06-09 18:52:39
淘快词,x**4,智能版（周年特惠）,3个月,2013-06-09 13:12:00
淘快词,f**0,智能版（周年特惠）,3个月,2013-06-09 14:33:36
淘快词,c**g,初级版,1个月,2013-06-09 08:29:59
淘快词,陈**2,智能版（周年特惠）,3个月,2013-06-09 12:25:51
淘快词,蔡**涛,初级版,1个月,2013-06-09 22:50:18
淘快词,狒**9,初级版,1个月,2013-06-09 23:53:06
淘快词,z**o,初级版,1个月,2013-06-09 16:55:03
淘快词,y**o,智能版（周年特惠）,3个月,2013-06-09 20:43:23
淘快词,不**了,智能版（周年特惠）,3个月,2013-06-09 09:00:51
淘快词,n**g,初级版,1个月,2013-06-09 09:14:47
疯狂车手,t**g,自动优化版_按季98元,6个月,2013-06-09 16:12:41
疯狂车手,蘼**y,自动优化版_按季98元,3个月,2013-06-09 11:45:49
疯狂车手,新**行,自动优化版_按季98元,3个月,2013-06-09 23:05:36
疯狂车手,关注宝宝,自动优化版_按季98元,3个月,2013-06-09 22:58:07
疯狂车手,依**5,自动优化版_按季98元,3个月,2013-06-09 11:41:20
疯狂车手,爱**8,自动优化版_按季98元,3个月,2013-06-09 14:12:32
开车宝,陈**辰,全功能标准专业版,1个月,2013-06-09 13:53:37
开车宝,i**w,智能托管（夏季特惠）,3个月,2013-06-09 16:35:06
开车宝,s**9,全功能标准专业版,1个月,2013-06-09 17:50:54
开车宝,a**1,智能托管（夏季特惠）,3个月,2013-06-09 01:35:18
开车宝,首**装,全功能标准专业版,1个月,2013-06-09 13:14:17
开车宝,道**技,智能托管（夏季特惠）,3个月,2013-06-09 09:13:57
开车宝,l**7,全功能标准专业版,1个月,2013-06-09 14:53:18
开车宝,凯**店,全功能标准专业版,1个月,2013-06-09 13:12:36
开车宝,满**w,全功能标准专业版,1个月,2013-06-09 13:13:28
开车宝,清**主,智能托管（夏季特惠）,3个月,2013-06-09 09:54:02
开车宝,佳**店,全功能标准专业版,1个月,2013-06-09 14:59:25
开车宝,宏**饰,全功能标准专业版,3个月,2013-06-09 12:37:55
开车宝,紫**9,全功能标准专业版,1个月,2013-06-09 14:40:12
开车宝,纤**饰,智能托管（夏季特惠）,3个月,2013-06-09 14:24:20
如意快车,丽**n,自动推广版_季付3折起,3个月,2013-06-09 14:10:46
如意快车,开**6,自动推广版_季付3折起,3个月,2013-06-09 21:54:40
如意快车,商**装,自动推广版_季付3折起,3个月,2013-06-09 19:21:53
如意快车,x**5,全功能高级版_季付3折,3个月,2013-06-09 19:51:15
如意快车,迈**湾,全功能高级版_季付3折,1个月,2013-06-09 03:25:40
如意快车,通**具,自动推广版_季付3折起,1个月,2013-06-09 19:50:03
如意快车,x**6,自动推广版_季付3折起,3个月,2013-06-09 23:07:45
如意快车,hongwei18185,自动推广版_季付3折起,3个月,2013-06-09 22:15:35
如意快车,瑶**b,手动推广版_季付3折起,3个月,2013-06-09 11:00:08
如意快车,a**3,自动推广版_季付3折起,3个月,2013-06-09 23:07:12
如意快车,刘**屋,全功能高级版_季付3折,3个月,2013-06-09 00:53:22
如意快车,m**9,自动推广版_季付3折起,3个月,2013-06-09 18:10:51
如意快车,郑**培,全功能高级版_季付3折,3个月,2013-06-09 10:47:01
如意快车,s**2,全功能高级版_季付3折,1个月,2013-06-09 17:51:51
如意快车,丽**n,全功能高级版_季付3折,3个月,2013-06-09 14:40:19
如意快车,爱**灵,自动推广版_季付3折起,3个月,2013-06-09 15:54:11
如意快车,漫**8,手动推广版_季付3折起,3个月,2013-06-09 10:59:46
如意快车,s**0,自动推广版_季付3折起,1个月,2013-06-09 18:43:22
如意快车,l**2,全功能高级版_季付3折,3个月,2013-06-09 17:50:14
如意快车,h**9,全功能高级版_季付3折,3个月,2013-06-09 13:29:31
智驾宝,怡**文,全能版,3个月,2013-06-09 11:21:00
智驾宝,韩**纹,全能版,1个月,2013-06-09 09:32:44
智驾宝,j**9,全能版,1个月,2013-06-09 09:31:18
智驾宝,第**馆,全能版,1个月,2013-06-09 14:29:41
智驾宝,欢**屋,全能版,3个月,2013-06-09 17:26:47
智驾宝,楠**8,全能版,3个月,2013-06-09 00:15:00
智驾宝,万**店,全能版,1个月,2013-06-09 01:12:17
智驾宝,康**店,全能版,1个月,2013-06-09 14:25:23
智驾宝,摇**6,专家陪驾版,1个月,2013-06-09 11:49:40
智驾宝,q**店,全能版,3个月,2013-06-09 15:14:26
智驾宝,e**t,专家陪驾版,1个月,2013-06-09 16:10:30
智驾宝,c**0,全能版,1个月,2013-06-09 23:34:45
智驾宝,上**店,全能版,1个月,2013-06-09 22:53:59
智驾宝,上**卖,全能版,1个月,2013-06-09 19:17:18
智驾宝,奕**店,全能版,1个月,2013-06-09 00:07:09
智驾宝,o**店,全能版,1个月,2013-06-09 10:47:34
智驾宝,i**店,全能版,3个月,2013-06-09 09:33:44
智驾宝,a**0,全能版,3个月,2013-06-09 15:59:17
智驾宝,奥**光,专家陪驾版,1个月,2013-06-09 11:11:49
智驾宝,百**店,全能版,6个月,2013-06-09 14:12:41
智驾宝,满**席,全能版,1个月,2013-06-09 22:21:24
智驾宝,f**店,全能版,3个月,2013-06-09 11:47:33
智驾宝,包**游,全能版,3个月,2013-06-09 22:54:32
智驾宝,t**0,全能版,3个月,2013-06-09 12:50:54
智驾宝,醉**为,全能版,3个月,2013-06-09 18:29:46
智驾宝,汉**间,全能版,1个月,2013-06-09 23:10:40
智驾宝,尽**城,全能版,1个月,2013-06-09 11:22:05
智驾宝,说**孕,全能版,1个月,2013-06-09 22:15:02
智驾宝,鹿**店,全能版,1个月,2013-06-09 09:45:51
极品飞车,赛**品,自动版【季付5折】,3个月,2013-06-09 13:19:25
极品飞车,wwf514888,手动版,1个月,2013-06-09 10:45:40
极品飞车,云**饰,自动版【季付5折】,3个月,2013-06-09 13:11:42
极品飞车,芙**玉,自动版【季付5折】,3个月,2013-06-09 00:22:55
极品飞车,芙**业,自动版【季付5折】,3个月,2013-06-09 23:33:06
极品飞车,景**山,培训版【年付5折】,1年,2013-06-09 10:24:10
极品飞车,旋**0,自动版【季付5折】,3个月,2013-06-09 09:56:51
极品飞车,依依不舍808,培训版【年付5折】,1个月,2013-06-09 13:22:19
极品飞车,w**6,手动版,1个月,2013-06-09 20:35:19
极品飞车,k**k,培训版【年付5折】,1个月,2013-06-09 15:23:22
极品飞车,l**1,自动版【季付5折】,1个月,2013-06-09 09:54:50
极品飞车,姹**3,自动版【季付5折】,3个月,2013-06-09 17:37:16
极品飞车,j**店,自动版【季付5折】,3个月,2013-06-09 17:33:02
极品飞车,p**d,培训版【年付5折】,3个月,2013-06-09 19:03:13
极品飞车,夕**g,手动版,3个月,2013-06-09 12:43:32
极品飞车,p**镜,自动版【季付5折】,3个月,2013-06-09 22:16:48
极品飞车,0**0,自动版【季付5折】,1个月,2013-06-09 09:28:10
极品飞车,蒙**8,自动版【季付5折】,3个月,2013-06-09 13:22:15
极品飞车,维**业,自动版【季付5折】,1个月,2013-06-09 23:26:24
极品飞车,好**壳,自动版【季付5折】,1个月,2013-06-09 17:35:06
极品飞车,木**卯,自动版【季付5折】,1个月,2013-06-09 01:29:40
极品飞车,直**团,自动版【季付5折】,3个月,2013-06-09 10:48:07
极品飞车,华**备,培训版【年付5折】,3个月,2013-06-09 22:36:19
极品飞车,绿天芸酒类专营店,自动版【季付5折】,1个月,2013-06-09 19:00:39
极品飞车,昕**象,培训版【年付5折】,1个月,2013-06-09 21:14:17
极品飞车,a**8,自动版【季付5折】,3个月,2013-06-09 22:18:25
极品飞车,精**6,自动版【季付5折】,3个月,2013-06-09 14:52:28
极品飞车,依**8,手动版,1个月,2013-06-09 12:43:59
极品飞车,梅**煞,自动版【季付5折】,1个月,2013-06-09 18:41:39
极品飞车,z**0,手动版,1个月,2013-06-09 17:30:52
极品飞车,曲**0,手动版,1个月,2013-06-09 09:04:37
极品飞车,a**0,培训版【年付5折】,1个月,2013-06-09 12:05:28
极品飞车,小**1,手动版,1个月,2013-06-09 18:31:05
极品飞车,双**城,自动版【季付5折】,3个月,2013-06-09 09:56:09
极品飞车,双**城,自动版【季付5折】,3个月,2013-06-09 09:56:11
极品飞车,木**卯,自动版【季付5折】,1个月,2013-06-09 01:38:08
极品飞车,o**牛,自动版【季付5折】,1个月,2013-06-09 21:32:24
极品飞车,k**2,手动版,1个月,2013-06-09 13:02:19
极品飞车,w**4,自动版【季付5折】,3个月,2013-06-09 09:54:21
极品飞车,b**3,自动版【季付5折】,3个月,2013-06-09 21:40:07
极品飞车,s**6,培训版【年付5折】,3个月,2013-06-09 11:30:12
极品飞车,莺**琴,自动版【季付5折】,3个月,2013-06-09 11:45:15
极品飞车,七**销,手动版,1个月,2013-06-09 22:08:58
极品飞车,布**鬼,自动版【季付5折】,1个月,2013-06-09 11:16:17
极品飞车,七**销,手动版,1个月,2013-06-09 22:09:58
极品飞车,t**v,培训版【年付5折】,3个月,2013-06-09 18:09:46
极品飞车,妖**花,培训版【年付5折】,1个月,2013-06-09 18:07:42
极品飞车,leadtop朗迪,自动版【季付5折】,3个月,2013-06-09 15:02:32
极品飞车,鸿**阁,自动版【季付5折】,1个月,2013-06-09 21:09:32
极品飞车,旋**0,自动版【季付5折】,1个月,2013-06-09 09:57:42
极品飞车,诺**店,自动版【季付5折】,1个月,2013-06-09 11:19:56
极品飞车,信**8,自动版【季付5折】,3个月,2013-06-09 23:01:31
极品飞车,东**贸,自动版【季付5折】,1个月,2013-06-09 23:46:07
极品飞车,i**8,自动版【季付5折】,3个月,2013-06-09 09:31:44
极品飞车,l**2,自动版【季付5折】,3个月,2013-06-09 17:58:40
极品飞车,玉**衣,自动版【季付5折】,3个月,2013-06-09 19:30:28
极品飞车,夏**窝,培训版【年付5折】,1个月,2013-06-09 13:07:07
极品飞车,周**唤,自动版【季付5折】,3个月,2013-06-09 20:46:28
极品飞车,水**g,手动版,1个月,2013-06-09 00:55:02
极品飞车,c**5,自动版【季付5折】,1个月,2013-06-09 08:53:48
极品飞车,野**店,自动版【季付5折】,3个月,2013-06-09 10:00:11
极品飞车,野**店,自动版【季付5折】,1个月,2013-06-09 10:01:06
极品飞车,静**司,培训版【年付5折】,3个月,2013-06-09 22:19:56
极品飞车,会**乐,自动版【季付5折】,1个月,2013-06-09 17:13:06
极品飞车,j**2,自动版【季付5折】,1个月,2013-06-09 21:44:21
极品飞车,o**店,培训版【年付5折】,3个月,2013-06-09 10:37:47
极品飞车,k**k,培训版【年付5折】,1年,2013-06-09 15:21:35
极品飞车,镇**水,自动版【季付5折】,3个月,2013-06-09 11:06:56
极品飞车,华**备,培训版【年付5折】,1个月,2013-06-09 22:37:48
极品飞车,好**0,培训版【年付5折】,3个月,2013-06-09 19:37:24
极品飞车,销**鞋,自动版【季付5折】,1个月,2013-06-09 15:39:00
极品飞车,云**1,自动版【季付5折】,3个月,2013-06-09 13:02:41
极品飞车,四**店,自动版【季付5折】,3个月,2013-06-09 11:18:12
极品飞车,青**达,自动版【季付5折】,3个月,2013-06-09 08:16:26
极品飞车,可**淘,自动版【季付5折】,3个月,2013-06-09 23:30:49
极品飞车,g**6,自动版【季付5折】,1个月,2013-06-09 21:34:35
极品飞车,兴**店,培训版【年付5折】,3个月,2013-06-09 22:05:33
极品飞车,何**9,培训版【年付5折】,3个月,2013-06-09 15:08:02
极品飞车,美**9,手动版,1个月,2013-06-09 09:46:55
极品飞车,wjx0326,手动版,3个月,2013-06-09 20:33:14
极品飞车,奥**机,自动版【季付5折】,1个月,2013-06-09 11:03:26
极品飞车,x**0,自动版【季付5折】,1个月,2013-06-09 09:01:08
极品飞车,彭**8,手动版,1个月,2013-06-09 09:43:04
极品飞车,q**a,自动版【季付5折】,3个月,2013-06-09 12:29:17
极品飞车,j**y,自动版【季付5折】,3个月,2013-06-09 10:36:29
极品飞车,p**d,培训版【年付5折】,1个月,2013-06-09 19:03:57
极品飞车,w**4,自动版【季付5折】,1个月,2013-06-09 10:00:56
极品飞车,金**梅,培训版【年付5折】,3个月,2013-06-09 06:14:45
极品飞车,小**5,自动版【季付5折】,3个月,2013-06-09 21:59:41
极品飞车,l**e,自动版【季付5折】,3个月,2013-06-09 16:55:38
极品飞车,圣**市,自动版【季付5折】,3个月,2013-06-09 15:29:47
极品飞车,起**2,自动版【季付5折】,3个月,2013-06-09 13:30:40
极品飞车,依**8,手动版,1个月,2013-06-09 12:44:38
极品飞车,t**e,自动版【季付5折】,3个月,2013-06-09 15:35:24
极品飞车,w**0,自动版【季付5折】,1个月,2013-06-09 08:57:58
极品飞车,r**8,培训版【年付5折】,1个月,2013-06-09 11:42:34
极品飞车,爱**k,自动版【季付5折】,3个月,2013-06-09 15:25:35
极品飞车,j**店,自动版【季付5折】,1个月,2013-06-09 17:36:30
极品飞车,q**3,手动版,3个月,2013-06-09 18:14:21
极品飞车,傲**店,自动版【季付5折】,3个月,2013-06-09 12:25:38
极品飞车,8**孟,自动版【季付5折】,3个月,2013-06-09 10:52:27
极品飞车,晨**店,自动版【季付5折】,1个月,2013-06-09 10:57:08
极品飞车,小**2,自动版【季付5折】,1个月,2013-06-09 20:38:17
极品飞车,广**店,自动版【季付5折】,3个月,2013-06-09 15:26:47
极品飞车,那**天,自动版【季付5折】,1个月,2013-06-09 11:41:22
极品飞车,谢**子,自动版【季付5折】,3个月,2013-06-09 22:27:53
极品飞车,绿**店,自动版【季付5折】,3个月,2013-06-09 17:39:22
极品飞车,c**9,自动版【季付5折】,3个月,2013-06-09 16:50:59
极品飞车,海**e,自动版【季付5折】,3个月,2013-06-09 19:23:29
极品飞车,玫**顺,自动版【季付5折】,3个月,2013-06-09 14:52:36
极品飞车,t**8,自动版【季付5折】,1个月,2013-06-09 14:20:30
极品飞车,q**0,自动版【季付5折】,1个月,2013-06-09 10:42:27
极品飞车,r**8,培训版【年付5折】,1个月,2013-06-09 13:47:55
极品飞车,曲**0,手动版,3个月,2013-06-09 08:55:43
极品飞车,景**山,培训版【年付5折】,1个月,2013-06-09 10:27:22
极品飞车,小**乐,自动版【季付5折】,1个月,2013-06-09 13:21:39
极品飞车,芊**居,手动版,3个月,2013-06-09 14:59:52
极品飞车,b**3,自动版【季付5折】,1个月,2013-06-09 21:40:53
极品飞车,l**0,自动版【季付5折】,1个月,2013-06-09 11:55:17
极品飞车,l**5,手动版,3个月,2013-06-09 22:11:47
极品飞车,容**货,自动版【季付5折】,3个月,2013-06-09 14:02:28
极品飞车,广**店,自动版【季付5折】,1个月,2013-06-09 15:30:01
极品飞车,x**6,手动版,1个月,2013-06-09 11:31:50
极品飞车,我**2,自动版【季付5折】,1个月,2013-06-09 21:27:16
极品飞车,z**0,手动版,1个月,2013-06-09 17:31:55
极品飞车,驴**1,培训版【年付5折】,1个月,2013-06-09 10:02:46
极品飞车,香**店,自动版【季付5折】,1个月,2013-06-09 20:28:36
极品飞车,1**q,自动版【季付5折】,3个月,2013-06-09 15:07:51
极品飞车,衣**y,培训版【年付5折】,3个月,2013-06-09 04:13:41
极品飞车,起**2,自动版【季付5折】,1个月,2013-06-09 13:35:50
极品飞车,小**5,自动版【季付5折】,1个月,2013-06-09 22:04:31
极品飞车,t**v,培训版【年付5折】,1个月,2013-06-09 18:10:44
极品飞车,b**媛,自动版【季付5折】,1个月,2013-06-09 17:35:47
极品飞车,小**乐,自动版【季付5折】,3个月,2013-06-09 13:20:41
极品飞车,c**9,自动版【季付5折】,1个月,2013-06-09 16:51:53
极品飞车,小**2,自动版【季付5折】,3个月,2013-06-09 20:37:10
极品飞车,鸿**司,自动版【季付5折】,3个月,2013-06-09 11:50:07
极品飞车,l**y,自动版【季付5折】,1个月,2013-06-09 10:35:33
极品飞车,x**5,自动版【季付5折】,3个月,2013-06-09 01:50:06
极品飞车,j**8,自动版【季付5折】,3个月,2013-06-09 22:18:23
极品飞车,w**3,自动版【季付5折】,3个月,2013-06-09 21:40:16
极品飞车,1**q,自动版【季付5折】,1个月,2013-06-09 15:13:41
极品飞车,奥**机,自动版【季付5折】,3个月,2013-06-09 10:25:47
极品飞车,孑**族,自动版【季付5折】,1个月,2013-06-09 18:05:37
极品飞车,r**8,手动版,1个月,2013-06-09 13:19:46
极品飞车,s**2,自动版【季付5折】,1个月,2013-06-09 13:35:57
极品飞车,静**司,自动版【季付5折】,3个月,2013-06-09 22:17:50
极品飞车,x**6,手动版,1个月,2013-06-09 11:32:48
极品飞车,心意时尚网购店,自动版【季付5折】,3个月,2013-06-09 21:54:15
极品飞车,d**a,手动版,1个月,2013-06-09 11:58:55
极品飞车,y**9,自动版【季付5折】,1个月,2013-06-09 20:28:45
极品飞车,必**店,自动版【季付5折】,3个月,2013-06-09 11:25:06
极品飞车,上**具,自动版【季付5折】,1个月,2013-06-09 05:32:26
极品飞车,x**g,自动版【季付5折】,1个月,2013-06-09 12:20:57
极品飞车,k**店,手动版,3个月,2013-06-09 10:07:09
极品飞车,新**店,自动版【季付5折】,3个月,2013-06-09 17:27:45
极品飞车,信**8,自动版【季付5折】,1个月,2013-06-09 23:02:23
极品飞车,好**壳,自动版【季付5折】,3个月,2013-06-09 17:32:54
极品飞车,脉**轮,培训版【年付5折】,3个月,2013-06-09 23:39:37
极品飞车,j**3,手动版,1个月,2013-06-09 10:20:13
极品飞车,h**1,培训版【年付5折】,3个月,2013-06-09 16:29:35
极品飞车,夏**窝,培训版【年付5折】,3个月,2013-06-09 13:05:44
极品飞车,l**y,自动版【季付5折】,1个月,2013-06-09 10:33:50
极品飞车,锐**光,自动版【季付5折】,3个月,2013-06-09 09:45:51
极品飞车,k**2,自动版【季付5折】,3个月,2013-06-09 14:03:36
极品飞车,心**店,自动版【季付5折】,1个月,2013-06-09 21:57:18
极品飞车,必**店,自动版【季付5折】,1个月,2013-06-09 11:45:40
极品飞车,w**m,自动版【季付5折】,3个月,2013-06-09 16:11:48
极品飞车,成**品,自动版【季付5折】,3个月,2013-06-09 16:12:44
极品飞车,c**9,自动版【季付5折】,3个月,2013-06-09 14:24:58
极品飞车,静**司,培训版【年付5折】,1个月,2013-06-09 22:21:40
极品飞车,晨**店,自动版【季付5折】,3个月,2013-06-09 10:56:05
极品飞车,t**8,自动版【季付5折】,3个月,2013-06-09 14:17:46
极品飞车,f**团,自动版【季付5折】,1个月,2013-06-09 23:52:08
极品飞车,水**g,手动版,3个月,2013-06-09 00:29:32
极品飞车,会飞的鱼乐乐,自动版【季付5折】,1个月,2013-06-09 16:59:10
极品飞车,他**长,自动版【季付5折】,1个月,2013-06-09 17:26:47
极品飞车,仲**9,自动版【季付5折】,1个月,2013-06-09 09:14:59
极品飞车,r**8,培训版【年付5折】,1个月,2013-06-09 21:24:31
极品飞车,青**达,自动版【季付5折】,1个月,2013-06-09 08:19:49
极品飞车,鸿**司,自动版【季付5折】,1个月,2013-06-09 11:52:03
极品飞车,k**店,手动版,3个月,2013-06-09 10:07:11
极品飞车,s**t,培训版【年付5折】,3个月,2013-06-09 14:04:59
极品飞车,医**8,自动版【季付5折】,3个月,2013-06-09 15:15:05
极品飞车,布**鬼,自动版【季付5折】,3个月,2013-06-09 11:15:22
极品飞车,依**狂,自动版【季付5折】,3个月,2013-06-09 11:06:58
极品飞车,如**品,自动版【季付5折】,3个月,2013-06-09 13:42:55
极品飞车,b**媛,自动版【季付5折】,3个月,2013-06-09 17:35:20
极品飞车,家**司,培训版【年付5折】,1个月,2013-06-09 09:29:17
极品飞车,t**e,自动版【季付5折】,1个月,2013-06-09 15:40:14
极品飞车,怡**7,自动版【季付5折】,3个月,2013-06-09 19:09:48
极品飞车,一**店,培训版【年付5折】,1个月,2013-06-09 09:09:45
极品飞车,哒**店,自动版【季付5折】,1个月,2013-06-09 22:42:44
极品飞车,如**品,自动版【季付5折】,1个月,2013-06-09 13:43:40
极品飞车,蓝**码,自动版【季付5折】,1个月,2013-06-09 09:59:46
极品飞车,a**9,自动版【季付5折】,3个月,2013-06-09 03:53:55
极品飞车,昕**象,培训版【年付5折】,1个月,2013-06-09 11:48:33
极品飞车,宝**英,自动版【季付5折】,1个月,2013-06-09 09:26:57
极品飞车,宝**英,自动版【季付5折】,3个月,2013-06-09 09:25:18
极品飞车,我**2,自动版【季付5折】,1个月,2013-06-09 11:32:07
极品飞车,0**0,培训版【年付5折】,1个月,2013-06-09 10:42:15
极品飞车,销**鞋,自动版【季付5折】,3个月,2013-06-09 15:38:05
极品飞车,东**店,自动版【季付5折】,3个月,2013-06-09 23:20:30
极品飞车,z**1,自动版【季付5折】,3个月,2013-06-09 13:17:23
极品飞车,一**店,培训版【年付5折】,3个月,2013-06-09 10:20:20
极品飞车,郁**0,培训版【年付5折】,1个月,2013-06-09 10:06:43
极品飞车,小**1,手动版,1个月,2013-06-09 18:29:48
极品飞车,凡**店,自动版【季付5折】,3个月,2013-06-09 16:48:31
极品飞车,新**店,自动版【季付5折】,1个月,2013-06-09 17:33:44
极品飞车,流**仔,手动版,1个月,2013-06-09 00:18:19
极品飞车,0**0,自动版【季付5折】,1个月,2013-06-09 09:28:09
极品飞车,a**0,培训版【年付5折】,3个月,2013-06-09 12:03:53
极品飞车,爱**室,自动版【季付5折】,3个月,2013-06-09 22:30:19
极品飞车,y**3,手动版,3个月,2013-06-09 10:05:17
极品飞车,a**4,自动版【季付5折】,1个月,2013-06-09 11:18:28
极品飞车,心**8,自动版【季付5折】,3个月,2013-06-09 08:58:08
极品飞车,一**漫,自动版【季付5折】,1个月,2013-06-09 17:43:31
极品飞车,百**店,培训版【年付5折】,3个月,2013-06-09 09:28:51
极品飞车,g**6,自动版【季付5折】,6个月,2013-06-09 21:33:27
极品飞车,哒**店,自动版【季付5折】,3个月,2013-06-09 22:39:29
极品飞车,仲**9,自动版【季付5折】,1个月,2013-06-09 09:15:00
极品飞车,o**牛,自动版【季付5折】,1个月,2013-06-09 21:33:18
极品飞车,c**8,自动版【季付5折】,3个月,2013-06-09 16:48:15
极品飞车,圣**市,自动版【季付5折】,1个月,2013-06-09 15:30:43
极品飞车,梅**煞,自动版【季付5折】,1个月,2013-06-09 18:40:30
极品飞车,p**s,自动版【季付5折】,1个月,2013-06-09 09:43:46
极品飞车,百**店,培训版【年付5折】,1个月,2013-06-09 10:00:48
极品飞车,维**业,自动版【季付5折】,1个月,2013-06-09 23:31:19
极品飞车,一**漫,自动版【季付5折】,3个月,2013-06-09 17:40:40
极品飞车,x**y,自动版【季付5折】,1个月,2013-06-09 14:44:12
极品飞车,夏**窝,自动版【季付5折】,3个月,2013-06-09 10:05:24
极品飞车,r**0,自动版【季付5折】,1个月,2013-06-09 09:40:01
极品飞车,q**0,自动版【季付5折】,3个月,2013-06-09 16:32:05
极品飞车,8**g,手动版,1个月,2013-06-09 18:40:32
极品飞车,爱**室,自动版【季付5折】,1个月,2013-06-09 22:31:55
极品飞车,驴**1,培训版【年付5折】,3个月,2013-06-09 10:01:12
极品飞车,a**2,手动版,3个月,2013-06-09 12:06:39
极品飞车,必**店,自动版【季付5折】,1个月,2013-06-09 11:45:39
极品飞车,k**2,自动版【季付5折】,1个月,2013-06-09 14:04:23
极品飞车,疯**0,手动版,3个月,2013-06-09 17:28:53
极品飞车,k**2,手动版,1个月,2013-06-09 13:01:37
极品飞车,8**孟,自动版【季付5折】,1个月,2013-06-09 10:53:12
极品飞车,鸿**阁,自动版【季付5折】,1个月,2013-06-09 21:10:47
极品飞车,l**e,自动版【季付5折】,1个月,2013-06-09 16:56:26
极品飞车,东**贸,自动版【季付5折】,3个月,2013-06-09 23:41:22
极品飞车,赛**品,自动版【季付5折】,1个月,2013-06-09 13:20:34
极品飞车,蒙**8,自动版【季付5折】,1个月,2013-06-09 13:23:04
极品飞车,紫**尚,自动版【季付5折】,3个月,2013-06-09 18:07:07
超级车手,w**8,夏季特惠(50个宝贝),1个月,2013-06-09 20:51:15
超级车手,双**易,夏季特惠(50个宝贝),3个月,2013-06-09 20:31:03
超级车手,现**术,初级版(50个宝贝),3个月,2013-06-09 03:06:15
超级车手,p**3,夏季特惠(50个宝贝),3个月,2013-06-09 11:37:20
超级车手,g**y,夏季特惠(50个宝贝),3个月,2013-06-09 00:37:58
超级车手,d**8,夏季特惠(50个宝贝),3个月,2013-06-09 21:09:32
超级车手,榆**店,夏季特惠(50个宝贝),1个月,2013-06-09 09:27:26
超级车手,t**n,夏季特惠(50个宝贝),3个月,2013-06-09 22:51:13
超级车手,h**1,夏季特惠(50个宝贝),3个月,2013-06-09 21:27:18
超级车手,t**n,夏季特惠(50个宝贝),1个月,2013-06-09 22:55:48
超级车手,高**行,夏季特惠(50个宝贝),3个月,2013-06-09 19:56:52
超级车手,z**p,夏季特惠(50个宝贝),3个月,2013-06-09 14:06:55
超级车手,毛**t,夏季特惠(50个宝贝),3个月,2013-06-09 11:37:45
超级车手,时**精,夏季特惠(50个宝贝),3个月,2013-06-09 09:27:55
超级车手,中**具,夏季特惠(50个宝贝),1个月,2013-06-09 10:13:52
超级车手,y**1,高级版(150个宝贝),3个月,2013-06-09 16:21:34
超级车手,康**0,高级版(150个宝贝),1个月,2013-06-09 15:03:29
超级车手,浙**树,夏季特惠(50个宝贝),3个月,2013-06-09 16:16:25
超级车手,永**护,高级版(150个宝贝),3个月,2013-06-09 08:27:28
超级车手,x**a,夏季特惠(50个宝贝),3个月,2013-06-09 22:55:05
超级车手,凌**逸,高级版(150个宝贝),1个月,2013-06-09 18:15:44
超级车手,上**店,夏季特惠(50个宝贝),1个月,2013-06-09 15:05:50
超级车手,科**家,夏季特惠(50个宝贝),3个月,2013-06-09 15:24:44
超级车手,h**z,夏季特惠(50个宝贝),3个月,2013-06-09 22:38:28
超级车手,b**店,夏季特惠(50个宝贝),3个月,2013-06-09 10:14:45
超级车手,l**6,夏季特惠(50个宝贝),3个月,2013-06-09 14:40:32
超级车手,f**4,初级版(50个宝贝),3个月,2013-06-09 19:40:42
超级车手,凯**9,初级版(50个宝贝),3个月,2013-06-09 15:52:26
超级车手,简**装,初级版(50个宝贝),3个月,2013-06-09 16:07:52
超级车手,四**店,夏季特惠(50个宝贝),3个月,2013-06-09 22:48:44
超级车手,康**店,夏季特惠(50个宝贝),3个月,2013-06-09 09:17:46
超级车手,哥**色,夏季特惠(50个宝贝),3个月,2013-06-09 22:27:44
超级车手,t**8,夏季特惠(50个宝贝),3个月,2013-06-09 19:18:18
超级车手,q**2,初级版(50个宝贝),3个月,2013-06-09 00:02:35
超级车手,雨**2,夏季特惠(50个宝贝),1个月,2013-06-09 23:59:57
超级车手,好**店,夏季特惠(50个宝贝),3个月,2013-06-09 22:42:37
超级车手,艾**店,高级版(150个宝贝),3个月,2013-06-09 00:54:31
超级车手,湘**缘,初级版(50个宝贝),3个月,2013-06-09 09:42:20
超级车手,r**1,初级版(50个宝贝),3个月,2013-06-09 23:02:49
超级车手,青大小姐,初级版(50个宝贝),3个月,2013-06-09 18:41:48
超级车手,咖**店,夏季特惠(50个宝贝),3个月,2013-06-09 16:03:08
超级车手,d**y,夏季特惠(50个宝贝),3个月,2013-06-09 11:09:18
超级车手,咖**店,夏季特惠(50个宝贝),1个月,2013-06-09 16:04:03
超级车手,安**福,夏季特惠(50个宝贝),1个月,2013-06-09 16:44:02
超级车手,x**6,夏季特惠(50个宝贝),3个月,2013-06-09 22:43:55
超级车手,深**港,夏季特惠(50个宝贝),1个月,2013-06-09 04:38:38
超级车手,深**港,夏季特惠(50个宝贝),3个月,2013-06-09 04:21:15
超级车手,东**卷,夏季特惠(50个宝贝),3个月,2013-06-09 20:45:46
超级车手,y**1,初级版(50个宝贝),3个月,2013-06-09 11:32:53
超级车手,l**8,高级版(150个宝贝),3个月,2013-06-09 13:47:33
超级车手,y**g,初级版(50个宝贝),3个月,2013-06-09 20:08:31
超级车手,米**城,夏季特惠(50个宝贝),3个月,2013-06-09 10:41:42
超级车手,骑马者的我,夏季特惠(50个宝贝),3个月,2013-06-09 11:51:11
超级车手,b**6,初级版(50个宝贝),3个月,2013-06-09 12:20:16
超级车手,天**店,夏季特惠(50个宝贝),3个月,2013-06-09 13:16:08
超级车手,设**锋,夏季特惠(50个宝贝),6个月,2013-06-09 00:34:39
超级车手,l**2,夏季特惠(50个宝贝),1个月,2013-06-09 12:23:25
超级车手,f**店,夏季特惠(50个宝贝),3个月,2013-06-09 15:17:47
超级车手,乌**1,夏季特惠(50个宝贝),3个月,2013-06-09 16:44:05
超级车手,小**豆,夏季特惠(50个宝贝),3个月,2013-06-09 18:23:18
超级车手,k**0,夏季特惠(50个宝贝),1个月,2013-06-09 11:08:37
超级车手,天**6,初级版(50个宝贝),3个月,2013-06-09 14:07:11
超级车手,r**z,夏季特惠(50个宝贝),3个月,2013-06-09 09:47:46
超级车手,锦**9,夏季特惠(50个宝贝),3个月,2013-06-09 12:07:03
超级车手,小**多,夏季特惠(50个宝贝),3个月,2013-06-09 13:16:55
超级车手,花**1,高级版(150个宝贝),3个月,2013-06-09 15:18:18
超级车手,西**甜,夏季特惠(50个宝贝),1个月,2013-06-09 14:34:56
超级车手,q**1,夏季特惠(50个宝贝),3个月,2013-06-09 20:11:31
超级车手,a**8,夏季特惠(50个宝贝),3个月,2013-06-09 08:46:30
超级车手,杰**话,夏季特惠(50个宝贝),3个月,2013-06-09 01:30:20
超级车手,杰**话,夏季特惠(50个宝贝),3个月,2013-06-09 01:30:19
超级车手,j**5,高级版(150个宝贝),3个月,2013-06-09 15:17:41
超级车手,2**人,夏季特惠(50个宝贝),3个月,2013-06-09 13:59:39
超级车手,婉**i,高级版(150个宝贝),3个月,2013-06-09 19:12:57
超级车手,千**9,夏季特惠(50个宝贝),1个月,2013-06-09 15:31:06
超级车手,w**z,夏季特惠(50个宝贝),3个月,2013-06-09 21:40:46
超级车手,绿**5,夏季特惠(50个宝贝),3个月,2013-06-09 10:56:43
超级车手,w**3,夏季特惠(50个宝贝),3个月,2013-06-09 16:00:08
超级车手,魅**6,夏季特惠(50个宝贝),3个月,2013-06-09 18:51:44
超级车手,u**版,夏季特惠(50个宝贝),1个月,2013-06-09 00:55:04
超级车手,y**7,夏季特惠(50个宝贝),3个月,2013-06-09 19:13:44
超级车手,全**8,夏季特惠(50个宝贝),3个月,2013-06-09 10:55:26
超级车手,阳**店,夏季特惠(50个宝贝),1个月,2013-06-09 12:09:05
超级车手,雨**2,夏季特惠(50个宝贝),3个月,2013-06-09 23:38:17
超级车手,t**1,夏季特惠(50个宝贝),3个月,2013-06-09 13:10:19
超级车手,豪标母婴专营店,夏季特惠(50个宝贝),3个月,2013-06-09 16:19:04
超级车手,君**1,夏季特惠(50个宝贝),3个月,2013-06-09 18:02:15
超级车手,g**2,夏季特惠(50个宝贝),3个月,2013-06-09 00:20:17
超级车手,d**e,初级版(50个宝贝),3个月,2013-06-09 18:05:46
超级车手,t**b,夏季特惠(50个宝贝),3个月,2013-06-09 10:45:26
超级车手,s**0,初级版(50个宝贝),6个月,2013-06-09 10:51:41
超级车手,布**6,夏季特惠(50个宝贝),3个月,2013-06-09 17:56:06
超级车手,j**9,初级版(50个宝贝),3个月,2013-06-09 13:48:08
超级车手,青**姐,夏季特惠(50个宝贝),3个月,2013-06-09 18:46:24
超级车手,l**5,夏季特惠(50个宝贝),3个月,2013-06-09 23:15:27
超级车手,p**p,夏季特惠(50个宝贝),3个月,2013-06-09 19:46:47
超级车手,x**n,初级版(50个宝贝),3个月,2013-06-09 16:00:48
超级车手,天**蓝,高级版(150个宝贝),3个月,2013-06-09 22:33:57
超级车手,异**厂,夏季特惠(50个宝贝),3个月,2013-06-09 23:28:37
超级车手,米**城,夏季特惠(50个宝贝),1个月,2013-06-09 11:15:38
超级车手,x**8,夏季特惠(50个宝贝),3个月,2013-06-09 17:40:51
超级车手,g**l,高级版(150个宝贝),3个月,2013-06-09 10:46:16
超级车手,v**n,夏季特惠(50个宝贝),3个月,2013-06-09 15:55:16
超级车手,q**7,高级版(150个宝贝),6个月,2013-06-09 00:02:50
超级车手,豪**武,初级版(50个宝贝),3个月,2013-06-09 16:40:43
超级车手,t**1,夏季特惠(50个宝贝),1个月,2013-06-09 13:20:24
超级车手,艾**尚,夏季特惠(50个宝贝),1个月,2013-06-09 08:40:22
超级车手,常**子,夏季特惠(50个宝贝),3个月,2013-06-09 16:26:38
超级车手,w**g,初级版(50个宝贝),3个月,2013-06-09 22:46:25
超级车手,湖**馆,初级版(50个宝贝),3个月,2013-06-09 22:15:57
超级车手,j**4,高级版(150个宝贝),3个月,2013-06-09 15:42:22
超级车手,飞**妖,夏季特惠(50个宝贝),3个月,2013-06-09 01:21:56
超级车手,a**9,夏季特惠(50个宝贝),3个月,2013-06-09 21:00:07
超级车手,n**g,夏季特惠(50个宝贝),1年,2013-06-09 04:52:12
超级车手,粤**子,夏季特惠(50个宝贝),3个月,2013-06-09 13:37:50
超级车手,郑**2,夏季特惠(50个宝贝),3个月,2013-06-09 15:40:14
超级车手,w**6,夏季特惠(50个宝贝),3个月,2013-06-09 15:17:26
超级车手,百**店,夏季特惠(50个宝贝),1个月,2013-06-09 12:42:12
超级车手,p**h,夏季特惠(50个宝贝),3个月,2013-06-09 21:37:24
超级车手,魅**6,夏季特惠(50个宝贝),1个月,2013-06-09 19:00:37
超级车手,h**4,夏季特惠(50个宝贝),3个月,2013-06-09 19:51:00
超级车手,s**e,夏季特惠(50个宝贝),3个月,2013-06-09 11:31:01
超级车手,苏**发,夏季特惠(50个宝贝),3个月,2013-06-09 11:08:19
超级车手,t**0,夏季特惠(50个宝贝),3个月,2013-06-09 03:01:30
超级车手,天**美,夏季特惠(50个宝贝),3个月,2013-06-09 14:29:22
超级车手,力**7,夏季特惠(50个宝贝),1个月,2013-06-09 09:17:59
超级车手,l**2,夏季特惠(50个宝贝),3个月,2013-06-09 12:19:04
超级车手,s**e,夏季特惠(50个宝贝),3个月,2013-06-09 11:25:13
超级车手,g**o,夏季特惠(50个宝贝),1年,2013-06-09 08:16:10
超级车手,s**7,夏季特惠(50个宝贝),3个月,2013-06-09 19:12:24
超级车手,p**站,夏季特惠(50个宝贝),3个月,2013-06-09 13:20:34
超级车手,t**8,夏季特惠(50个宝贝),1个月,2013-06-09 15:32:49
超级车手,野**7,夏季特惠(50个宝贝),6个月,2013-06-09 11:44:22
超级车手,梓**爱,夏季特惠(50个宝贝),1个月,2013-06-09 11:56:04
超级车手,宋**王,夏季特惠(50个宝贝),3个月,2013-06-09 22:33:46
超级车手,全**价,夏季特惠(50个宝贝),3个月,2013-06-09 01:47:54
超级车手,映**天,夏季特惠(50个宝贝),1个月,2013-06-09 14:54:38
超级车手,零**福,初级版(50个宝贝),3个月,2013-06-09 08:53:11
超级车手,f**u,夏季特惠(50个宝贝),3个月,2013-06-09 22:32:40
超级车手,n**觉,夏季特惠(50个宝贝),3个月,2013-06-09 15:04:32
超级车手,鑫**9,夏季特惠(50个宝贝),3个月,2013-06-09 22:12:29
超级车手,l**4,夏季特惠(50个宝贝),3个月,2013-06-09 01:34:30
超级车手,多**7,初级版(50个宝贝),3个月,2013-06-09 09:07:25
超级车手,p**3,夏季特惠(50个宝贝),1年,2013-06-09 09:43:29
超级车手,m**1,初级版(50个宝贝),3个月,2013-06-09 23:32:57
超级车手,l**4,夏季特惠(50个宝贝),3个月,2013-06-09 03:24:21
超级车手,猫猫0129,夏季特惠(50个宝贝),3个月,2013-06-09 10:47:44
超级车手,鹏**饰,夏季特惠(50个宝贝),1个月,2013-06-09 16:35:37
超级车手,柒**饰,夏季特惠(50个宝贝),1个月,2013-06-09 23:07:57
超级车手,映**天,夏季特惠(50个宝贝),3个月,2013-06-09 14:42:28
超级车手,玲**杰,夏季特惠(50个宝贝),3个月,2013-06-09 22:43:38
超级车手,倒**2,夏季特惠(50个宝贝),3个月,2013-06-09 19:06:10
超级车手,集**i,初级版(50个宝贝),3个月,2013-06-09 21:21:21
超级车手,1**货,高级版(150个宝贝),1个月,2013-06-09 12:29:53
超级车手,百**店,夏季特惠(50个宝贝),3个月,2013-06-09 12:28:50
超级车手,白**粥,高级版(150个宝贝),1年,2013-06-09 21:11:05
超级车手,c**3,夏季特惠(50个宝贝),1年,2013-06-09 22:11:17
超级车手,优**金,初级版(50个宝贝),3个月,2013-06-09 22:44:05
超级车手,l**a,夏季特惠(50个宝贝),3个月,2013-06-09 15:59:59
超级车手,b**8,初级版(50个宝贝),3个月,2013-06-09 22:40:22
超级车手,丶**耐,夏季特惠(50个宝贝),1个月,2013-06-09 20:22:31
超级车手,水**7,夏季特惠(50个宝贝),1个月,2013-06-09 19:52:49
超级车手,梅**业,夏季特惠(50个宝贝),3个月,2013-06-09 18:55:16
超级车手,t**1,夏季特惠(50个宝贝),3个月,2013-06-09 23:59:33
超级车手,j**4,夏季特惠(50个宝贝),3个月,2013-06-09 06:12:44
超级车手,k**7,夏季特惠(50个宝贝),3个月,2013-06-09 21:29:29
超级车手,e**9,夏季特惠(50个宝贝),3个月,2013-06-09 14:59:06
超级车手,路易柏森旗舰店,夏季特惠(50个宝贝),3个月,2013-06-09 15:48:27
超级车手,兔**诗,夏季特惠(50个宝贝),1个月,2013-06-09 16:07:36
超级车手,木**厨,夏季特惠(50个宝贝),3个月,2013-06-09 21:51:09
超级车手,n**g,夏季特惠(50个宝贝),1个月,2013-06-09 05:01:58
超级车手,诚信建材商城,初级版(50个宝贝),3个月,2013-06-09 14:38:55
超级车手,p**0,夏季特惠(50个宝贝),3个月,2013-06-09 11:04:43
超级车手,白**妮,夏季特惠(50个宝贝),3个月,2013-06-09 17:40:54
超级车手,路**店,夏季特惠(50个宝贝),1个月,2013-06-09 15:54:20
超级车手,b**3,高级版(150个宝贝),1个月,2013-06-09 00:37:52
超级车手,葬**仁,夏季特惠(50个宝贝),3个月,2013-06-09 08:32:39
超级车手,b**3,初级版(50个宝贝),3个月,2013-06-09 23:33:09
超级车手,w**店,高级版(150个宝贝),3个月,2013-06-09 09:18:48
超级车手,诗**妹,高级版(150个宝贝),3个月,2013-06-09 07:43:58
超级车手,艾**品,夏季特惠(50个宝贝),3个月,2013-06-09 15:17:57
超级车手,l**城,夏季特惠(50个宝贝),3个月,2013-06-09 23:25:32
超级车手,h**o,初级版(50个宝贝),3个月,2013-06-09 11:53:00
超级车手,上海滩旗舰店,夏季特惠(50个宝贝),3个月,2013-06-09 15:00:04
超级车手,w**z,夏季特惠(50个宝贝),1个月,2013-06-09 21:46:58
超级车手,t**d,夏季特惠(50个宝贝),1个月,2013-06-09 10:01:47
超级车手,杨**铺,初级版(50个宝贝),1个月,2013-06-09 21:42:25
超级车手,p**0,夏季特惠(50个宝贝),1个月,2013-06-09 11:09:40
超级车手,唐**饰,夏季特惠(50个宝贝),1个月,2013-06-09 11:51:19
超级车手,y**7,夏季特惠(50个宝贝),3个月,2013-06-09 14:58:47
超级车手,梁**1,夏季特惠(50个宝贝),3个月,2013-06-09 14:36:48
超级车手,周**普,夏季特惠(50个宝贝),3个月,2013-06-09 12:28:22
超级车手,小**橱,夏季特惠(50个宝贝),1个月,2013-06-09 13:50:17
超级车手,l**9,夏季特惠(50个宝贝),1个月,2013-06-09 07:36:07
超级车手,c**8,夏季特惠(50个宝贝),3个月,2013-06-09 11:08:13
超级车手,0**海,夏季特惠(50个宝贝),3个月,2013-06-09 18:27:30
超级车手,夜**靖,夏季特惠(50个宝贝),1个月,2013-06-09 12:00:56
超级车手,青**姐,夏季特惠(50个宝贝),1个月,2013-06-09 19:02:08
超级车手,k**3,夏季特惠(50个宝贝),3个月,2013-06-09 21:07:23
超级车手,唯**业,初级版(50个宝贝),3个月,2013-06-09 23:58:19
超级车手,爱**2,夏季特惠(50个宝贝),3个月,2013-06-09 11:14:12
超级车手,峨**8,夏季特惠(50个宝贝),3个月,2013-06-09 22:49:24
超级车手,l**1,初级版(50个宝贝),3个月,2013-06-09 09:59:06
超级车手,粤**子,夏季特惠(50个宝贝),1个月,2013-06-09 13:55:12
超级车手,y**爹,夏季特惠(50个宝贝),3个月,2013-06-09 20:39:45
超级车手,d**c,初级版(50个宝贝),3个月,2013-06-09 11:11:18
超级车手,g**g,夏季特惠(50个宝贝),1个月,2013-06-09 19:49:31
超级车手,摘**4,夏季特惠(50个宝贝),1个月,2013-06-09 19:36:08
超级车手,1**霞,初级版(50个宝贝),3个月,2013-06-09 10:38:26
超级车手,笑**0,夏季特惠(50个宝贝),3个月,2013-06-09 19:16:42
超级车手,小**橱,夏季特惠(50个宝贝),3个月,2013-06-09 13:31:16
超级车手,s**想,夏季特惠(50个宝贝),3个月,2013-06-09 09:41:48
超级车手,影**店,夏季特惠(50个宝贝),3个月,2013-06-09 10:06:50
超级车手,y**1,夏季特惠(50个宝贝),3个月,2013-06-09 11:47:44
超级车手,红**店,高级版(150个宝贝),1个月,2013-06-09 01:59:48
超级车手,大**想,夏季特惠(50个宝贝),3个月,2013-06-09 23:04:41
超级车手,h**0,夏季特惠(50个宝贝),3个月,2013-06-09 12:39:16
超级车手,w**8,夏季特惠(50个宝贝),3个月,2013-06-09 20:07:42
超级车手,z**4,高级版(150个宝贝),3个月,2013-06-09 15:22:30
超级车手,万**峰,夏季特惠(50个宝贝),3个月,2013-06-09 20:38:59
超级车手,t**2,夏季特惠(50个宝贝),1个月,2013-06-09 23:35:22
超级车手,爱**涛,夏季特惠(50个宝贝),1个月,2013-06-09 10:30:18
超级车手,懒**都,高级版(150个宝贝),3个月,2013-06-09 12:45:51
超级车手,疯**8,夏季特惠(50个宝贝),3个月,2013-06-09 10:54:18
超级车手,信**城,夏季特惠(50个宝贝),3个月,2013-06-09 13:11:48
超级车手,b**3,夏季特惠(50个宝贝),3个月,2013-06-09 23:53:11
超级车手,z**o,夏季特惠(50个宝贝),3个月,2013-06-09 20:50:59
超级车手,阳**阁,夏季特惠(50个宝贝),1个月,2013-06-09 20:58:06
超级车手,b**o,夏季特惠(50个宝贝),1个月,2013-06-09 14:43:23
超级车手,白**妮,夏季特惠(50个宝贝),1个月,2013-06-09 17:43:26
超级车手,s**8,夏季特惠(50个宝贝),3个月,2013-06-09 23:46:04
超级车手,雪**栗,初级版(50个宝贝),3个月,2013-06-09 11:30:57
超级车手,长**钢,夏季特惠(50个宝贝),1个月,2013-06-09 17:27:50
超级车手,璐**8,高级版(150个宝贝),3个月,2013-06-09 18:49:47
超级车手,w**e,夏季特惠(50个宝贝),1个月,2013-06-09 23:40:26
超级车手,m**5,夏季特惠(50个宝贝),3个月,2013-06-09 11:18:07
超级车手,a**8,夏季特惠(50个宝贝),3个月,2013-06-09 13:19:18
超级车手,z**f,夏季特惠(50个宝贝),3个月,2013-06-09 10:06:46
超级车手,腾**业,夏季特惠(50个宝贝),3个月,2013-06-09 17:06:35
超级车手,7**零,夏季特惠(50个宝贝),3个月,2013-06-09 20:23:11
超级车手,h**n,夏季特惠(50个宝贝),3个月,2013-06-09 18:00:08
超级车手,w**e,夏季特惠(50个宝贝),3个月,2013-06-09 22:14:24
超级车手,嘻**途,初级版(50个宝贝),3个月,2013-06-09 10:18:28
超级车手,t**k,夏季特惠(50个宝贝),3个月,2013-06-09 00:07:55
超级车手,飞**妖,夏季特惠(50个宝贝),1个月,2013-06-09 01:23:04
超级车手,战**松,初级版(50个宝贝),3个月,2013-06-09 20:56:38
超级车手,朱**7,高级版(150个宝贝),3个月,2013-06-09 23:17:55
超级车手,k**7,夏季特惠(50个宝贝),3个月,2013-06-09 18:00:12
超级车手,s**e,夏季特惠(50个宝贝),1个月,2013-06-09 11:35:05
超级车手,l**9,夏季特惠(50个宝贝),3个月,2013-06-09 07:29:50
超级车手,y**8,初级版(50个宝贝),3个月,2013-06-09 17:25:41
超级车手,毛**2,夏季特惠(50个宝贝),3个月,2013-06-09 00:52:19
超级车手,宁**卫,初级版(50个宝贝),3个月,2013-06-09 19:14:03
超级车手,韩**店,夏季特惠(50个宝贝),3个月,2013-06-09 15:47:41
超级车手,l**4,夏季特惠(50个宝贝),1个月,2013-06-09 03:26:03
超级车手,洁**店,初级版(50个宝贝),3个月,2013-06-09 12:46:54
超级车手,晴**豪,初级版(50个宝贝),3个月,2013-06-09 20:56:40
超级车手,y**0,夏季特惠(50个宝贝),3个月,2013-06-09 09:12:54
超级车手,盼**圃,夏季特惠(50个宝贝),3个月,2013-06-09 12:40:29
超级车手,b**3,高级版(150个宝贝),3个月,2013-06-09 00:26:17
超级车手,g**8,初级版(50个宝贝),3个月,2013-06-09 19:27:44
超级车手,y**0,夏季特惠(50个宝贝),3个月,2013-06-09 09:08:09
超级车手,w**堂,初级版(50个宝贝),3个月,2013-06-09 16:07:05
超级车手,爱**美,初级版(50个宝贝),3个月,2013-06-09 13:16:30
超级车手,蜜**店,初级版(50个宝贝),3个月,2013-06-09 13:42:57
超级车手,摘**4,夏季特惠(50个宝贝),3个月,2013-06-09 19:33:54
超级车手,傅**建,夏季特惠(50个宝贝),3个月,2013-06-09 13:17:36
超级车手,a**0,初级版(50个宝贝),3个月,2013-06-09 01:00:02
超级车手,夏**忆,夏季特惠(50个宝贝),3个月,2013-06-09 20:12:45
超级车手,菩**心,夏季特惠(50个宝贝),3个月,2013-06-09 17:02:54
超级车手,草**丁,夏季特惠(50个宝贝),3个月,2013-06-09 12:33:03
超级车手,米**菇,初级版(50个宝贝),3个月,2013-06-09 15:30:59
超级车手,长**钢,夏季特惠(50个宝贝),3个月,2013-06-09 17:25:56
超级车手,宝**3,初级版(50个宝贝),3个月,2013-06-09 15:23:08
超级车手,庄**w,初级版(50个宝贝),3个月,2013-06-09 19:28:11
超级车手,肖**园,初级版(50个宝贝),3个月,2013-06-09 20:31:03
超级车手,杨家米铺,初级版(50个宝贝),3个月,2013-06-09 20:59:51
超级车手,囡**0,夏季特惠(50个宝贝),1个月,2013-06-09 23:02:51
超级车手,精**铺,初级版(50个宝贝),3个月,2013-06-09 08:20:07
超级车手,三**饰,初级版(50个宝贝),3个月,2013-06-09 23:12:55
超级车手,zby521l,夏季特惠(50个宝贝),3个月,2013-06-09 17:30:21
超级车手,慧**店,夏季特惠(50个宝贝),3个月,2013-06-09 21:23:46
超级车手,吻**w,夏季特惠(50个宝贝),3个月,2013-06-09 17:48:31
超级车手,t**d,夏季特惠(50个宝贝),3个月,2013-06-09 09:22:18
超级车手,艾**仪,夏季特惠(50个宝贝),3个月,2013-06-09 22:57:31
超级车手,裴**霞,初级版(50个宝贝),3个月,2013-06-09 12:25:20
超级车手,m**店,夏季特惠(50个宝贝),3个月,2013-06-09 14:25:47
超级车手,n**n,夏季特惠(50个宝贝),3个月,2013-06-09 13:43:56
超级车手,滕**8,夏季特惠(50个宝贝),3个月,2013-06-09 21:55:58
超级车手,啊**啊,夏季特惠(50个宝贝),1个月,2013-06-09 15:26:59
超级车手,夏**忆,夏季特惠(50个宝贝),1个月,2013-06-09 21:04:39
超级车手,q**7,高级版(150个宝贝),6个月,2013-06-09 00:02:48
超级车手,l**6,夏季特惠(50个宝贝),3个月,2013-06-09 00:30:15
超级车手,囡**0,夏季特惠(50个宝贝),3个月,2013-06-09 22:53:01
超级车手,梁**1,初级版(50个宝贝),3个月,2013-06-09 14:33:45
超级车手,九星建材馆,夏季特惠(50个宝贝),3个月,2013-06-09 13:33:36
超级车手,丶**耐,夏季特惠(50个宝贝),3个月,2013-06-09 20:10:24
超级车手,安**福,夏季特惠(50个宝贝),3个月,2013-06-09 15:17:28
超级车手,k**b,初级版(50个宝贝),6个月,2013-06-09 00:20:23
超级车手,西**甜,夏季特惠(50个宝贝),3个月,2013-06-09 14:29:46
超级车手,梓**爱,夏季特惠(50个宝贝),3个月,2013-06-09 11:42:06
超级车手,哎**1,夏季特惠(50个宝贝),3个月,2013-06-09 15:40:01
超级车手,水**燕,初级版(50个宝贝),3个月,2013-06-09 17:11:18
超级车手,只**8,初级版(50个宝贝),3个月,2013-06-09 01:12:36
超级车手,鹏**饰,夏季特惠(50个宝贝),3个月,2013-06-09 16:31:51
超级车手,蜜**1,夏季特惠(50个宝贝),3个月,2013-06-09 20:30:39
超级车手,鑫**店,夏季特惠(50个宝贝),6个月,2013-06-09 23:09:46
超级车手,柒**饰,夏季特惠(50个宝贝),3个月,2013-06-09 22:42:51
超级车手,安**店,夏季特惠(50个宝贝),3个月,2013-06-09 09:56:48
超级车手,u**店,夏季特惠(50个宝贝),3个月,2013-06-09 18:44:58
超级车手,d**y,夏季特惠(50个宝贝),1个月,2013-06-09 11:17:27
超级车手,x**a,夏季特惠(50个宝贝),1个月,2013-06-09 22:59:19
超级车手,爱**涛,夏季特惠(50个宝贝),3个月,2013-06-09 10:14:03
超级车手,异**厂,夏季特惠(50个宝贝),1个月,2013-06-09 23:34:03
超级车手,好**店,夏季特惠(50个宝贝),3个月,2013-06-09 11:16:19
超级车手,康**0,高级版(150个宝贝),3个月,2013-06-09 14:51:05
超级车手,榆**店,夏季特惠(50个宝贝),3个月,2013-06-09 09:18:13
超级车手,z**o,夏季特惠(50个宝贝),1个月,2013-06-09 20:53:27
超级车手,珍**店,夏季特惠(50个宝贝),3个月,2013-06-09 16:19:08
超级车手,雅**e,夏季特惠(50个宝贝),3个月,2013-06-09 20:41:49
超级车手,唯**店,初级版(50个宝贝),3个月,2013-06-09 13:20:52
超级车手,科**家,夏季特惠(50个宝贝),1个月,2013-06-09 15:28:53
超级车手,w**y,高级版(150个宝贝),3个月,2013-06-09 13:58:29
超级车手,t**2,夏季特惠(50个宝贝),3个月,2013-06-09 17:54:24
超级车手,快**8,夏季特惠(50个宝贝),3个月,2013-06-09 09:45:06
超级车手,y**n,初级版(50个宝贝),3个月,2013-06-09 14:48:54
超级车手,我**啊,初级版(50个宝贝),3个月,2013-06-09 20:38:48
超级车手,凌**逸,高级版(150个宝贝),3个月,2013-06-09 17:51:26
超级车手,1**1,夏季特惠(50个宝贝),3个月,2013-06-09 20:02:45
超级车手,h**z,夏季特惠(50个宝贝),1个月,2013-06-09 22:41:31
超级车手,终**h,初级版(50个宝贝),3个月,2013-06-09 22:21:45
超级车手,唐**饰,夏季特惠(50个宝贝),3个月,2013-06-09 11:39:42
超级车手,t**6,夏季特惠(50个宝贝),3个月,2013-06-09 11:36:53
超级车手,豪**店,夏季特惠(50个宝贝),3个月,2013-06-09 20:11:48
超级车手,翔**品,初级版(50个宝贝),3个月,2013-06-09 09:07:26
超级车手,l**3,初级版(50个宝贝),3个月,2013-06-09 10:14:20
超级车手,时**精,夏季特惠(50个宝贝),1个月,2013-06-09 09:48:05
超级车手,泊**心,夏季特惠(50个宝贝),3个月,2013-06-09 17:20:15
超级车手,z**p,高级版(150个宝贝),3个月,2013-06-09 10:35:18
超级车手,精**间,初级版(50个宝贝),3个月,2013-06-09 09:10:16
超级车手,森**店,夏季特惠(50个宝贝),3个月,2013-06-09 09:21:01
超级车手,嘉**业,夏季特惠(50个宝贝),1个月,2013-06-09 16:24:38
超级车手,k**0,夏季特惠(50个宝贝),3个月,2013-06-09 11:02:26
超级车手,中国水暖洁具,夏季特惠(50个宝贝),3个月,2013-06-09 10:12:30
超级车手,驰**店,初级版(50个宝贝),3个月,2013-06-09 14:40:12
超级车手,梁**1,夏季特惠(50个宝贝),1个月,2013-06-09 14:42:06
超级车手,0**海,夏季特惠(50个宝贝),1个月,2013-06-09 19:13:25
超级车手,k**n,初级版(50个宝贝),3个月,2013-06-09 15:22:11
超级车手,y**1,夏季特惠(50个宝贝),1个月,2013-06-09 11:50:29
超级车手,雯**店,夏季特惠(50个宝贝),3个月,2013-06-09 14:11:00
超级车手,哥**色,夏季特惠(50个宝贝),1个月,2013-06-09 22:37:27
超级车手,水**7,夏季特惠(50个宝贝),3个月,2013-06-09 19:09:59
超级车手,晟**宇,初级版(50个宝贝),3个月,2013-06-09 22:40:26
超级车手,优**店,夏季特惠(50个宝贝),3个月,2013-06-09 21:11:21
超级车手,专**售,高级版(150个宝贝),1年,2013-06-09 17:15:02
超级车手,阳**店,夏季特惠(50个宝贝),3个月,2013-06-09 12:05:01
超级车手,倒**2,夏季特惠(50个宝贝),1个月,2013-06-09 19:11:50
超级车手,南**店,夏季特惠(50个宝贝),3个月,2013-06-09 10:40:50
超级车手,诗**妹,高级版(150个宝贝),1个月,2013-06-09 07:44:49
超级车手,火**店,夏季特惠(50个宝贝),3个月,2013-06-09 14:05:35
超级车手,夜**靖,夏季特惠(50个宝贝),3个月,2013-06-09 11:58:36
超级车手,1**宝,夏季特惠(50个宝贝),3个月,2013-06-09 23:05:31
超级车手,l**4,夏季特惠(50个宝贝),1个月,2013-06-09 01:41:39
超级车手,晶**石,夏季特惠(50个宝贝),3个月,2013-06-09 14:19:22
超级车手,l**4,夏季特惠(50个宝贝),1个月,2013-06-09 01:41:40
超级车手,r**z,夏季特惠(50个宝贝),1个月,2013-06-09 09:49:35
超级车手,zuvipap,初级版(50个宝贝),3个月,2013-06-09 01:35:39
超级车手,我**缘,初级版(50个宝贝),3个月,2013-06-09 14:36:48
